study_id,substudy_id,target_product,target_variant,model_id,T_C,P_Pa,runtime_seconds,H2O_mol,HCN_mol,C2H2_mol,NH3_mol,C2H2_over_HCN,deltaG_offset_kJ_mol,case_id,X_eq,log10_X_eq,n_eq_mol,log10_n_eq_mol,formed_bool,formation_call,solver_status,error_message,element_balance_relative_spread,suspect_balance
glutamine,deltaG_sweep,Glutamine(aq),Glutamine__dG_m200(aq),M_061e3fb063a8,0.0,101325.0,0.0055765830038581,1.0,0.02,0.042,0.05,2.1,-200.0,GLU_DG_000001,0.0080385852090032,-2.094820380354801,0.008571428571428558,-2.066946789630614,True,significant,ok,nan,2.4988942676450458e-15,False
glutamine,deltaG_sweep,Glutamine(aq),Glutamine__dG_m160(aq),M_98733f58ccbb,0.0,101325.0,0.0055875840043881,1.0,0.02,0.042,0.05,2.1,-160.0,GLU_DG_000002,0.0080385852090032,-2.094820380354801,0.008571428571428558,-2.066946789630614,True,significant,ok,nan,2.4988942676450458e-15,False
glutamine,deltaG_sweep,Glutamine(aq),Glutamine__dG_m120(aq),M_6f36f328f32c,0.0,101325.0,0.0058111249963985,1.0,0.02,0.042,0.05,2.1,-120.0,GLU_DG_000003,0.0080385852090032,-2.094820380354801,0.008571428571428558,-2.066946789630614,True,significant,ok,nan,2.4988942676450458e-15,False
glutamine,deltaG_sweep,Glutamine(aq),Glutamine__dG_m080(aq),M_6a660bb9f9b0,0.0,101325.0,0.0058199159975629,1.0,0.02,0.042,0.05,2.1,-80.0,GLU_DG_000004,0.0080385852090032,-2.094820380354801,0.008571428571428558,-2.066946789630614,True,significant,ok,nan,2.4988942676450458e-15,False
glutamine,deltaG_sweep,Glutamine(aq),Glutamine__dG_m040(aq),M_50f76385d12b,0.0,101325.0,0.0055272499885177,1.0,0.02,0.042,0.05,2.1,-40.0,GLU_DG_000005,0.0080385852090032,-2.094820380354801,0.008571428571428558,-2.066946789630614,True,significant,ok,nan,2.4988942676450458e-15,False
glutamine,deltaG_sweep,Glutamine(aq),Glutamine__dG_000(aq),M_b1e28abd2857,0.0,101325.0,0.0054920410038903,1.0,0.02,0.042,0.05,2.1,0.0,GLU_DG_000006,0.0080385852090032,-2.094820380354801,0.008571428571428558,-2.066946789630614,True,significant,ok,nan,2.4988942676450458e-15,False
glutamine,deltaG_sweep,Glutamine(aq),Glutamine__dG_p040(aq),M_073611c47c32,0.0,101325.0,0.0054997910046949,1.0,0.02,0.042,0.05,2.1,40.0,GLU_DG_000007,0.0080385852090032,-2.094820380354801,0.008571428571428558,-2.066946789630614,True,significant,ok,nan,2.4988942676450458e-15,False
glutamine,deltaG_sweep,Glutamine(aq),Glutamine__dG_p080(aq),M_89f0f253da4b,0.0,101325.0,0.0059404589992482,1.0,0.02,0.042,0.05,2.1,80.0,GLU_DG_000008,0.0080385852090032,-2.094820380354801,0.008571428571428558,-2.066946789630614,True,significant,ok,nan,2.4988942676450458e-15,False
glutamine,deltaG_sweep,Glutamine(aq),Glutamine__dG_p120(aq),M_27e7a9cd4374,0.0,101325.0,0.0056764170003589,1.0,0.02,0.042,0.05,2.1,120.0,GLU_DG_000009,0.0080385852090032,-2.094820380354801,0.008571428571428558,-2.066946789630614,True,significant,ok,nan,2.4988942676450458e-15,False
glutamine,deltaG_sweep,Glutamine(aq),Glutamine__dG_p160(aq),M_30acba030d1e,0.0,101325.0,0.00556570799381,1.0,0.02,0.042,0.05,2.1,160.0,GLU_DG_000010,0.0080385852090032,-2.094820380354801,0.008571428571428558,-2.066946789630614,True,significant,ok,nan,2.4988942676450458e-15,False
glutamine,deltaG_sweep,Glutamine(aq),Glutamine__dG_p200(aq),M_977180e1d50a,0.0,101325.0,0.005551041002036,1.0,0.02,0.042,0.05,2.1,200.0,GLU_DG_000011,0.0080385852090032,-2.094820380354801,0.008571428571428558,-2.066946789630614,True,significant,ok,nan,2.0824118897042047e-15,False
glutamine,inventory_landscape,Glutamine(aq),Glutamine(aq),M_b9e610ff2a36,0.0,101325.0,0.0067412079952191,1.0,0.02,0.0,0.01,0.0,0.0,GLU_INV_000001,0.0,,0.0,,False,below_threshold,ok,nan,3.664813867694687e-15,False
glutamine,inventory_landscape,Glutamine(aq),Glutamine(aq),M_b9e610ff2a36,0.0,101325.0,0.0011955420050071,1.0,0.02,0.0041666666666666,0.01,0.2083333333333333,0.0,GLU_INV_000002,0.003071253071253,-2.512684396217174,0.0031249999999999425,-2.505149978319914,True,significant,ok,nan,1.1129508453244758e-14,False
glutamine,inventory_landscape,Glutamine(aq),Glutamine(aq),M_b9e610ff2a36,0.0,101325.0,0.001105124989408,1.0,0.02,0.0083333333333333,0.01,0.4166666666666667,0.0,GLU_INV_000003,0.0062189054726368,-2.2062860444124337,0.006249999999999988,-2.2041199826559255,True,significant,ok,nan,3.755978391766696e-15,False
glutamine,inventory_landscape,Glutamine(aq),Glutamine(aq),M_b9e610ff2a36,0.0,101325.0,0.0010398329905001,1.0,0.02,0.0125,0.01,0.625,0.0,GLU_INV_000004,0.0085990684342529,-2.065548594777028,0.008571428571428539,-2.066946789630615,True,significant,ok,nan,6.905579257431985e-15,False
glutamine,inventory_landscape,Glutamine(aq),Glutamine(aq),M_b9e610ff2a36,0.0,101325.0,0.0012686669942922,1.0,0.02,0.0166666666666666,0.01,0.8333333333333334,0.0,GLU_INV_000005,0.0085632730732635,-2.0673602065889205,0.008571428571428535,-2.066946789630615,True,significant,ok,nan,4.880333371806098e-15,False
glutamine,inventory_landscape,Glutamine(aq),Glutamine(aq),M_b9e610ff2a36,0.0,101325.0,0.0010524999961489,1.0,0.02,0.0208333333333333,0.01,1.0416666666666667,0.0,GLU_INV_000006,0.0085277744877413,-2.069164292841953,0.008571428571428555,-2.066946789630614,True,significant,ok,nan,4.418274739713992e-15,False
glutamine,inventory_landscape,Glutamine(aq),Glutamine(aq),M_b9e610ff2a36,0.0,101325.0,0.00102345799678,1.0,0.02,0.025,0.01,1.25,0.0,GLU_INV_000007,0.0084925690021231,-2.070960915800936,0.008571428571428542,-2.066946789630615,True,significant,ok,nan,5.280041560849993e-15,False
glutamine,inventory_landscape,Glutamine(aq),Glutamine(aq),M_b9e610ff2a36,0.0,101325.0,0.001067499993951,1.0,0.02,0.0291666666666666,0.01,1.4583333333333337,0.0,GLU_INV_000008,0.0084576530012921,-2.0727501369611048,0.008571428571428535,-2.066946789630615,True,significant,ok,nan,3.0673611581326988e-15,False
glutamine,inventory_landscape,Glutamine(aq),Glutamine(aq),M_b9e610ff2a36,0.0,101325.0,0.0010004170035244,1.0,0.02,0.0333333333333333,0.01,1.6666666666666667,0.0,GLU_INV_000009,0.0084230229293401,-2.0745320170607684,0.008571428571428504,-2.0669467896306166,True,significant,ok,nan,9.38260543974275e-15,False
glutamine,inventory_landscape,Glutamine(aq),Glutamine(aq),M_b9e610ff2a36,0.0,101325.0,0.0010049999982584,1.0,0.02,0.0375,0.01,1.875,0.0,GLU_INV_000010,0.0083886752883607,-2.076306616093657,0.008571428571428567,-2.0669467896306135,True,significant,ok,nan,3.2596551579347447e-15,False
glutamine,inventory_landscape,Glutamine(aq),Glutamine(aq),M_b9e610ff2a36,0.0,101325.0,0.0010426669905427,1.0,0.02,0.0416666666666666,0.01,2.083333333333333,0.0,GLU_INV_000011,0.0083546066372708,-2.078073993321082,0.00857142857142855,-2.0669467896306144,True,significant,ok,nan,3.246416827634477e-15,False
glutamine,inventory_landscape,Glutamine(aq),Glutamine(aq),M_b9e610ff2a36,0.0,101325.0,0.0009792079945327,1.0,0.02,0.0458333333333333,0.01,2.291666666666667,0.0,GLU_INV_000012,0.0083208135906621,-2.079834207283769,0.008571428571428497,-2.066946789630617,True,significant,ok,nan,9.484304400819521e-15,False
glutamine,inventory_landscape,Glutamine(aq),Glutamine(aq),M_b9e610ff2a36,0.0,101325.0,0.0009832079958869,1.0,0.02,0.05,0.01,2.5,0.0,GLU_INV_000013,0.0082872928176795,-2.0815873158135063,0.008571428571428525,-2.0669467896306157,True,significant,ok,nan,4.93773223659254e-15,False
glutamine,inventory_landscape,Glutamine(aq),Glutamine(aq),M_b9e610ff2a36,0.0,101325.0,0.0013702080032089,1.0,0.02,0.0541666666666666,0.01,2.708333333333333,0.0,GLU_INV_000014,0.0082540410409262,-2.083333376044565,0.008571428571428497,-2.066946789630617,True,significant,ok,nan,6.842323719345214e-15,False
glutamine,inventory_landscape,Glutamine(aq),Glutamine(aq),M_b9e610ff2a36,0.0,101325.0,0.0011046250001527,1.0,0.02,0.0583333333333333,0.01,2.916666666666667,0.0,GLU_INV_000015,0.0082210550353962,-2.085072444424839,0.008571428571428565,-2.0669467896306135,True,significant,ok,nan,8.518724281206953e-16,False
glutamine,inventory_landscape,Glutamine(aq),Glutamine(aq),M_b9e610ff2a36,0.0,101325.0,0.0010194159985985,1.0,0.02,0.0625,0.01,3.125,0.0,GLU_INV_000016,0.0081883316274309,-2.08680457672683,0.008571428571428567,-2.0669467896306135,True,significant,ok,nan,2.9696856066397885e-15,False
glutamine,inventory_landscape,Glutamine(aq),Glutamine(aq),M_b9e610ff2a36,0.0,101325.0,0.0010282919974997,1.0,0.02,0.0666666666666666,0.01,3.333333333333333,0.0,GLU_INV_000017,0.0081558676937018,-2.088529828058352,0.00857142857142852,-2.0669467896306157,True,significant,ok,nan,6.760941300843719e-15,False
glutamine,inventory_landscape,Glutamine(aq),Glutamine(aq),M_b9e610ff2a36,0.0,101325.0,0.0010038330074166,1.0,0.02,0.0708333333333333,0.01,3.541666666666667,0.0,GLU_INV_000018,0.0081236601602166,-2.0902482528730557,0.00857142857142854,-2.066946789630615,True,significant,ok,nan,3.7880113127230875e-15,False
glutamine,inventory_landscape,Glutamine(aq),Glutamine(aq),M_b9e610ff2a36,0.0,101325.0,0.0009880419966066,1.0,0.02,0.075,0.01,3.75,0.0,GLU_INV_000019,0.0080917060013486,-2.091959904980758,0.008571428571428556,-2.066946789630614,True,significant,ok,nan,2.0961729392787845e-15,False
glutamine,inventory_landscape,Glutamine(aq),Glutamine(aq),M_b9e610ff2a36,0.0,101325.0,0.0011962079879594,1.0,0.02,0.0791666666666666,0.01,3.9583333333333335,0.0,GLU_INV_000020,0.0080600022388895,-2.093664837557537,0.008571428571428561,-2.0669467896306135,True,significant,ok,nan,2.923144020954179e-15,False
glutamine,inventory_landscape,Glutamine(aq),Glutamine(aq),M_b9e610ff2a36,0.0,101325.0,0.0010453339928062,1.0,0.02,0.0833333333333333,0.01,4.166666666666667,0.0,GLU_INV_000021,0.008028545941124,-2.095363103155648,0.008571428571428574,-2.066946789630613,True,significant,ok,nan,1.039905598444616e-15,False
glutamine,inventory_landscape,Glutamine(aq),Glutamine(aq),M_b9e610ff2a36,0.0,101325.0,0.0011167500051669,1.0,0.02,0.0875,0.01,4.375,0.0,GLU_INV_000022,0.007997334221926,-2.097054753713248,0.008571428571428551,-2.0669467896306144,True,significant,ok,nan,2.9004160323429593e-15,False
glutamine,inventory_landscape,Glutamine(aq),Glutamine(aq),M_b9e610ff2a36,0.0,101325.0,0.0010010839905589,1.0,0.02,0.0916666666666666,0.01,4.583333333333334,0.0,GLU_INV_000023,0.007966364239876,-2.098739840563919,0.008571428571428497,-2.066946789630617,True,significant,ok,nan,5.9847384111238726e-15,False
glutamine,inventory_landscape,Glutamine(aq),Glutamine(aq),M_b9e610ff2a36,0.0,101325.0,0.0009541670006001,1.0,0.02,0.0958333333333333,0.01,4.791666666666667,0.0,GLU_INV_000024,0.0079356331973988,-2.1004184144460147,0.008571428571428504,-2.0669467896306166,True,significant,ok,nan,5.34492909904406e-15,False
glutamine,inventory_landscape,Glutamine(aq),Glutamine(aq),M_b9e610ff2a36,0.0,101325.0,0.0010378750012023,1.0,0.02,0.1,0.01,5.0,0.0,GLU_INV_000025,0.0079051383399209,-2.1020905255118394,0.008571428571428527,-2.0669467896306153,True,significant,ok,nan,4.095684412319414e-15,False
glutamine,inventory_landscape,Glutamine(aq),Glutamine(aq),M_b9e610ff2a36,0.0,101325.0,0.0010067919938592,1.0,0.02,0.0,0.0158333333333333,0.0,0.0,GLU_INV_000026,0.0,,0.0,,False,below_threshold,ok,nan,3.644175334248299e-15,False
glutamine,inventory_landscape,Glutamine(aq),Glutamine(aq),M_b9e610ff2a36,0.0,101325.0,0.0009803749999264,1.0,0.02,0.0041666666666666,0.0158333333333333,0.2083333333333333,0.0,GLU_INV_000027,0.0030537459283387,-2.515167099077439,0.003124999999999941,-2.5051499783199143,True,significant,ok,nan,6.2924692600904536e-15,False
glutamine,inventory_landscape,Glutamine(aq),Glutamine(aq),M_b9e610ff2a36,0.0,101325.0,0.0010478339972905,1.0,0.02,0.0083333333333333,0.0158333333333333,0.4166666666666667,0.0,GLU_INV_000028,0.0061830173124484,-2.2087995374748783,0.006249999999999943,-2.2041199826559286,True,significant,ok,nan,8.347266269234458e-15,False
glutamine,inventory_landscape,Glutamine(aq),Glutamine(aq),M_b9e610ff2a36,0.0,101325.0,0.0010105000110343,1.0,0.02,0.0125,0.0158333333333333,0.625,0.0,GLU_INV_000029,0.0085490382331987,-2.068082740652981,0.00857142857142852,-2.0669467896306157,True,significant,ok,nan,9.301512303200061e-15,False
glutamine,inventory_landscape,Glutamine(aq),Glutamine(aq),M_b9e610ff2a36,0.0,101325.0,0.0009630830027163,1.0,0.02,0.0166666666666666,0.0158333333333333,0.8333333333333334,0.0,GLU_INV_000030,0.0085136573252926,-2.069883834159999,0.008571428571428532,-2.0669467896306153,True,significant,ok,nan,4.631508609291172e-15,False
glutamine,inventory_landscape,Glutamine(aq),Glutamine(aq),M_b9e610ff2a36,0.0,101325.0,0.0010601249960018,1.0,0.02,0.0208333333333333,0.0158333333333333,1.0416666666666667,0.0,GLU_INV_000031,0.0084785680640602,-2.071677489062697,0.008571428571428508,-2.0669467896306166,True,significant,ok,nan,9.224839450959818e-15,False
glutamine,inventory_landscape,Glutamine(aq),Glutamine(aq),M_b9e610ff2a36,0.0,101325.0,0.0010265000018989,1.0,0.02,0.025,0.0158333333333333,1.25,0.0,GLU_INV_000032,0.008443766858215,-2.073463766552036,0.008571428571428515,-2.066946789630616,True,significant,ok,nan,6.1246500619640205e-15,False
glutamine,inventory_landscape,Glutamine(aq),Glutamine(aq),M_b9e610ff2a36,0.0,101325.0,0.0013411249965429,1.0,0.02,0.0291666666666666,0.0158333333333333,1.4583333333333337,0.0,GLU_INV_000033,0.0084092501751927,-2.075242727067023,0.00857142857142856,-2.066946789630614,True,significant,ok,nan,3.049806767015146e-15,False
glutamine,inventory_landscape,Glutamine(aq),Glutamine(aq),M_b9e610ff2a36,0.0,101325.0,0.0011596669937716,1.0,0.02,0.0333333333333333,0.0158333333333333,1.6666666666666667,0.0,GLU_INV_000034,0.0083750145399557,-2.0770144303069924,0.0085714285714285,-2.0669467896306166,True,significant,ok,nan,7.159563159848606e-15,False
glutamine,inventory_landscape,Glutamine(aq),Glutamine(aq),M_b9e610ff2a36,0.0,101325.0,0.0009848750050878,1.0,0.02,0.0375,0.0158333333333333,1.875,0.0,GLU_INV_000035,0.0083410565338276,-2.078778935243587,0.008571428571428561,-2.0669467896306135,True,significant,ok,nan,2.5929212437955436e-15,False
glutamine,inventory_landscape,Glutamine(aq),Glutamine(aq),M_b9e610ff2a36,0.0,101325.0,0.0010150840098503,1.0,0.02,0.0416666666666666,0.0158333333333333,2.083333333333333,0.0,GLU_INV_000036,0.0083073727933541,-2.080536300132591,0.00857142857142857,-2.066946789630613,True,significant,ok,nan,1.9368376753585284e-15,False
glutamine,inventory_landscape,Glutamine(aq),Glutamine(aq),M_b9e610ff2a36,0.0,101325.0,0.0009647499973652,1.0,0.02,0.0458333333333333,0.0158333333333333,2.291666666666667,0.0,GLU_INV_000037,0.0082739600091932,-2.0822865825254344,0.0085714285714285,-2.0669467896306166,True,significant,ok,nan,4.715449665610858e-15,False
glutamine,inventory_landscape,Glutamine(aq),Glutamine(aq),M_b9e610ff2a36,0.0,101325.0,0.000998959003482,1.0,0.02,0.05,0.0158333333333333,2.5,0.0,GLU_INV_000038,0.0082408149250314,-2.084029839280497,0.008571428571428511,-2.066946789630616,True,significant,ok,nan,3.842639838006715e-15,False
glutamine,inventory_landscape,Glutamine(aq),Glutamine(aq),M_b9e610ff2a36,0.0,101325.0,0.0010405420034658,1.0,0.02,0.0541666666666666,0.0158333333333333,2.708333333333333,0.0,GLU_INV_000039,0.0082079343365253,-2.0857661265742173,0.008571428571428565,-2.0669467896306135,True,significant,ok,nan,1.7010257012040699e-15,False
glutamine,inventory_landscape,Glutamine(aq),Glutamine(aq),M_b9e610ff2a36,0.0,101325.0,0.0010001250047935,1.0,0.02,0.0583333333333333,0.0158333333333333,2.916666666666667,0.0,GLU_INV_000040,0.0081753150902691,-2.087495499911948,0.00857142857142857,-2.066946789630613,True,significant,ok,nan,1.0589160221245953e-15,False
glutamine,inventory_landscape,Glutamine(aq),Glutamine(aq),M_b9e610ff2a36,0.0,101325.0,0.0011611249938141,1.0,0.02,0.0625,0.0158333333333333,3.125,0.0,GLU_INV_000041,0.0081429540827867,-2.0892180141385865,0.008571428571428574,-2.066946789630613,True,significant,ok,nan,8.437795437096868e-16,False
glutamine,inventory_landscape,Glutamine(aq),Glutamine(aq),M_b9e610ff2a36,0.0,101325.0,0.0009808329923544,1.0,0.02,0.0666666666666666,0.0158333333333333,3.333333333333333,0.0,GLU_INV_000042,0.0081108482595471,-2.0909337234490293,0.008571428571428527,-2.0669467896306153,True,significant,ok,nan,2.7314713143870014e-15,False
glutamine,inventory_landscape,Glutamine(aq),Glutamine(aq),M_b9e610ff2a36,0.0,101325.0,0.0009637079929234,1.0,0.02,0.0708333333333333,0.0158333333333333,3.541666666666667,0.0,GLU_INV_000043,0.0080789946140035,-2.0926426813983903,0.008571428571428487,-2.0669467896306175,True,significant,ok,nan,5.650776076862324e-15,False
glutamine,inventory_landscape,Glutamine(aq),Glutamine(aq),M_b9e610ff2a36,0.0,101325.0,0.0010946669935947,1.0,0.02,0.075,0.0158333333333333,3.75,0.0,GLU_INV_000044,0.0080473901866547,-2.0943449409120345,0.008571428571428537,-2.066946789630615,True,significant,ok,nan,3.5439778231020922e-15,False
glutamine,inventory_landscape,Glutamine(aq),Glutamine(aq),M_b9e610ff2a36,0.0,101325.0,0.0010004579962696,1.0,0.02,0.0791666666666666,0.0158333333333333,3.9583333333333335,0.0,GLU_INV_000045,0.0080160320641282,-2.0960405542954303,0.008571428571428516,-2.066946789630616,True,significant,ok,nan,3.737825012766056e-15,False
glutamine,inventory_landscape,Glutamine(aq),Glutamine(aq),M_b9e610ff2a36,0.0,101325.0,0.0009901250014081,1.0,0.02,0.0833333333333333,0.0158333333333333,4.166666666666667,0.0,GLU_INV_000046,0.0079849173782854,-2.097729573243767,0.008571428571428513,-2.066946789630616,True,significant,ok,nan,4.3438691703200064e-15,False
glutamine,inventory_landscape,Glutamine(aq),Glutamine(aq),M_b9e610ff2a36,0.0,101325.0,0.0010309589997632,1.0,0.02,0.0875,0.0158333333333333,4.375,0.0,GLU_INV_000047,0.0079540433053468,-2.099412048851427,0.008571428571428492,-2.066946789630617,True,significant,ok,nan,4.739175615501104e-15,False
glutamine,inventory_landscape,Glutamine(aq),Glutamine(aq),M_b9e610ff2a36,0.0,101325.0,0.0009795410005608,1.0,0.02,0.0916666666666666,0.0158333333333333,4.583333333333334,0.0,GLU_INV_000048,0.0079234070650379,-2.1010880316212535,0.00857142857142851,-2.066946789630616,True,significant,ok,nan,5.336694367296884e-15,False
glutamine,inventory_landscape,Glutamine(aq),Glutamine(aq),M_b9e610ff2a36,0.0,101325.0,0.0009550420072628,1.0,0.02,0.0958333333333333,0.0158333333333333,4.791666666666667,0.0,GLU_INV_000049,0.0078930059197544,-2.1027575714736533,0.008571428571428532,-2.0669467896306153,True,significant,ok,nan,2.658109061369591e-15,False
glutamine,inventory_landscape,Glutamine(aq),Glutamine(aq),M_b9e610ff2a36,0.0,101325.0,0.0010557499917922,1.0,0.02,0.1,0.0158333333333333,5.0,0.0,GLU_INV_000050,0.0078628371737468,-2.1044207177555174,0.008571428571428516,-2.066946789630616,True,significant,ok,nan,4.684833206455826e-15,False
glutamine,inventory_landscape,Glutamine(aq),Glutamine(aq),M_b9e610ff2a36,0.0,101325.0,0.0009765839931787,1.0,0.02,0.0,0.0216666666666666,0.0,0.0,GLU_INV_000051,0.0,,0.0,,False,below_threshold,ok,nan,5.115907697472711e-15,False
glutamine,inventory_landscape,Glutamine(aq),Glutamine(aq),M_b9e610ff2a36,0.0,101325.0,0.0010675000085029,1.0,0.02,0.0041666666666666,0.0216666666666666,0.2083333333333333,0.0,GLU_INV_000052,0.0030364372469635,-2.5176356898679746,0.00312499999999994,-2.5051499783199143,True,significant,ok,nan,7.335562656632603e-15,False
glutamine,inventory_landscape,Glutamine(aq),Glutamine(aq),M_b9e610ff2a36,0.0,101325.0,0.001002958000754,1.0,0.02,0.0083333333333333,0.0216666666666666,0.4166666666666667,0.0,GLU_INV_000053,0.0061475409836065,-2.2112985672830523,0.006249999999999949,-2.204119982655928,True,significant,ok,nan,6.552135883033703e-15,False
glutamine,inventory_landscape,Glutamine(aq),Glutamine(aq),M_b9e610ff2a36,0.0,101325.0,0.0009597919997759,1.0,0.02,0.0125,0.0216666666666666,0.625,0.0,GLU_INV_000054,0.0084995868256404,-2.070602185309912,0.00857142857142855,-2.0669467896306144,True,significant,ok,nan,4.623854126877054e-15,False
glutamine,inventory_landscape,Glutamine(aq),Glutamine(aq),M_b9e610ff2a36,0.0,101325.0,0.0009923329926095,1.0,0.02,0.0166666666666666,0.0216666666666666,0.8333333333333334,0.0,GLU_INV_000055,0.0084646132142017,-2.072392881946738,0.008571428571428537,-2.066946789630615,True,significant,ok,nan,2.1927753131557278e-15,False
glutamine,inventory_landscape,Glutamine(aq),Glutamine(aq),M_b9e610ff2a36,0.0,101325.0,0.0009984159987652,1.0,0.02,0.0208333333333333,0.0216666666666666,1.0416666666666667,0.0,GLU_INV_000056,0.0084299262381454,-2.07417622543535,0.008571428571428558,-2.066946789630614,True,significant,ok,nan,1.5286527068951922e-15,False
glutamine,inventory_landscape,Glutamine(aq),Glutamine(aq),M_b9e610ff2a36,0.0,101325.0,0.0011869580048369,1.0,0.02,0.025,0.0216666666666666,1.25,0.0,GLU_INV_000057,0.0083955223880596,-2.0759522759174316,0.008571428571428496,-2.066946789630617,True,significant,ok,nan,1.0221922810681213e-14,False
glutamine,inventory_landscape,Glutamine(aq),Glutamine(aq),M_b9e610ff2a36,0.0,101325.0,0.0009811250056372,1.0,0.02,0.0291666666666666,0.0216666666666666,1.4583333333333337,0.0,GLU_INV_000058,0.0083613982115898,-2.077721092799798,0.008571428571428546,-2.0669467896306144,True,significant,ok,nan,1.9494335306389923e-15,False
glutamine,inventory_landscape,Glutamine(aq),Glutamine(aq),M_b9e610ff2a36,0.0,101325.0,0.001026833007927,1.0,0.02,0.0333333333333333,0.0216666666666666,1.6666666666666667,0.0,GLU_INV_000059,0.0083275503122831,-2.0794827347663665,0.008571428571428546,-2.0669467896306144,True,significant,ok,nan,3.2359033333973985e-15,False
glutamine,inventory_landscape,Glutamine(aq),Glutamine(aq),M_b9e610ff2a36,0.0,101325.0,0.0009769169992068,1.0,0.02,0.0375,0.0216666666666666,1.875,0.0,GLU_INV_000060,0.0082939753484621,-2.0812372597897957,0.008571428571428522,-2.0669467896306157,True,significant,ok,nan,3.2228568391376463e-15,False
glutamine,inventory_landscape,Glutamine(aq),Glutamine(aq),M_b9e610ff2a36,0.0,101325.0,0.0009644999954616,1.0,0.02,0.0416666666666666,0.0216666666666666,2.083333333333333,0.0,GLU_INV_000061,0.0082606700321248,-2.082984725142951,0.008571428571428544,-2.0669467896306144,True,significant,ok,nan,4.2798868319648073e-16,False
glutamine,inventory_landscape,Glutamine(aq),Glutamine(aq),M_b9e610ff2a36,0.0,101325.0,0.0009547090012347,1.0,0.02,0.0458333333333333,0.0216666666666666,2.291666666666667,0.0,GLU_INV_000062,0.0082276311278711,-2.0847251874101267,0.00857142857142857,-2.066946789630613,True,significant,ok,nan,1.0656923102332667e-15,False
glutamine,inventory_landscape,Glutamine(aq),Glutamine(aq),M_b9e610ff2a36,0.0,101325.0,0.0010339580039726,1.0,0.02,0.05,0.0216666666666666,2.5,0.0,GLU_INV_000063,0.0081948554518552,-2.0864587024980343,0.00857142857142855,-2.0669467896306144,True,significant,ok,nan,1.273736408857452e-15,False
glutamine,inventory_landscape,Glutamine(aq),Glutamine(aq),M_b9e610ff2a36,0.0,101325.0,0.0009927909995894,1.0,0.02,0.0541666666666666,0.0216666666666666,2.708333333333333,0.0,GLU_INV_000064,0.0081623398707629,-2.088185325646574,0.008571428571428523,-2.0669467896306157,True,significant,ok,nan,2.3259178658964834e-15,False
glutamine,inventory_landscape,Glutamine(aq),Glutamine(aq),M_b9e610ff2a36,0.0,101325.0,0.0010834580025402,1.0,0.02,0.0583333333333333,0.0216666666666666,2.916666666666667,0.0,GLU_INV_000065,0.008130081300813,-2.0899051114393985,0.008571428571428567,-2.0669467896306135,True,significant,ok,nan,1.2636684833131858e-15,False
glutamine,inventory_landscape,Glutamine(aq),Glutamine(aq),M_b9e610ff2a36,0.0,101325.0,0.0009991660044761,1.0,0.02,0.0625,0.0216666666666666,3.125,0.0,GLU_INV_000066,0.0080980767067821,-2.091618113814282,0.008571428571428539,-2.066946789630615,True,significant,ok,nan,1.8880409551605388e-15,False
glutamine,inventory_landscape,Glutamine(aq),Glutamine(aq),M_b9e610ff2a36,0.0,101325.0,0.0009647089900681,1.0,0.02,0.0666666666666666,0.0216666666666666,3.333333333333333,0.0,GLU_INV_000067,0.0080663231010531,-2.0933243860732422,0.008571428571428568,-2.0669467896306135,True,significant,ok,nan,6.268792341598465e-16,False
glutamine,inventory_landscape,Glutamine(aq),Glutamine(aq),M_b9e610ff2a36,0.0,101325.0,0.0010190839966526,1.0,0.02,0.0708333333333333,0.0216666666666666,3.541666666666667,0.0,GLU_INV_000068,0.0080348175426849,-2.0950239808925257,0.008571428571428511,-2.066946789630616,True,significant,ok,nan,2.705866628480458e-15,False
glutamine,inventory_landscape,Glutamine(aq),Glutamine(aq),M_b9e610ff2a36,0.0,101325.0,0.0009778749954421,1.0,0.02,0.075,0.0216666666666666,3.75,0.0,GLU_INV_000069,0.0080035571365051,-2.096716950332327,0.008571428571428563,-2.0669467896306135,True,significant,ok,nan,1.866004016488701e-15,False
glutamine,inventory_landscape,Glutamine(aq),Glutamine(aq),M_b9e610ff2a36,0.0,101325.0,0.0009932499960996,1.0,0.02,0.0791666666666666,0.0216666666666666,3.9583333333333335,0.0,GLU_INV_000070,0.0079725390322223,-2.0984033458463998,0.008571428571428532,-2.0669467896306153,True,significant,ok,nan,2.684893240816454e-15,False
glutamine,inventory_landscape,Glutamine(aq),Glutamine(aq),M_b9e610ff2a36,0.0,101325.0,0.0010092500015161,1.0,0.02,0.0833333333333333,0.0216666666666666,4.166666666666667,0.0,GLU_INV_000071,0.0079417604235605,-2.1000832182914038,0.008571428571428516,-2.066946789630616,True,significant,ok,nan,3.4974596937231914e-15,False
glutamine,inventory_landscape,Glutamine(aq),Glutamine(aq),M_b9e610ff2a36,0.0,101325.0,0.0009581250051269,1.0,0.02,0.0875,0.0216666666666666,4.375,0.0,GLU_INV_000072,0.0079112185474123,-2.1017566179361276,0.00857142857142851,-2.066946789630616,True,significant,ok,nan,3.074125944462575e-15,False
glutamine,inventory_landscape,Glutamine(aq),Glutamine(aq),M_b9e610ff2a36,0.0,101325.0,0.0009889999928418,1.0,0.02,0.0916666666666666,0.0216666666666666,4.583333333333334,0.0,GLU_INV_000073,0.0078809106830122,-2.1034235944705078,0.008571428571428513,-2.066946789630616,True,significant,ok,nan,2.0415659822354004e-15,False
glutamine,inventory_landscape,Glutamine(aq),Glutamine(aq),M_b9e610ff2a36,0.0,101325.0,0.0009742090041982,1.0,0.02,0.0958333333333333,0.0216666666666666,4.791666666666667,0.0,GLU_INV_000074,0.0078508341511285,-2.105084197014486,0.00857142857142852,-2.0669467896306157,True,significant,ok,nan,3.457416812048242e-15,False
glutamine,inventory_landscape,Glutamine(aq),Glutamine(aq),M_b9e610ff2a36,0.0,101325.0,0.0009492919925833,1.0,0.02,0.1,0.0216666666666666,5.0,0.0,GLU_INV_000075,0.0078209863132739,-2.10673847412669,0.008571428571428525,-2.0669467896306157,True,significant,ok,nan,2.0260424520641544e-15,False
glutamine,inventory_landscape,Glutamine(aq),Glutamine(aq),M_b9e610ff2a36,0.0,101325.0,0.0010144999978365,1.0,0.02,0.0,0.0274999999999999,0.0,0.0,GLU_INV_000076,0.0,,0.0,,False,below_threshold,ok,nan,4.4514908863252066e-15,False
glutamine,inventory_landscape,Glutamine(aq),Glutamine(aq),M_b9e610ff2a36,0.0,101325.0,0.0010073339944938,1.0,0.02,0.0041666666666666,0.0274999999999999,0.2083333333333333,0.0,GLU_INV_000077,0.0030193236714975,-2.520090328112855,0.0031249999999999195,-2.5051499783199174,True,significant,ok,nan,1.2228543459639378e-14,False
glutamine,inventory_landscape,Glutamine(aq),Glutamine(aq),M_b9e610ff2a36,0.0,101325.0,0.0010344169859308,1.0,0.02,0.0083333333333333,0.0274999999999999,0.4166666666666667,0.0,GLU_INV_000078,0.0061124694376528,-2.213783299335305,0.006249999999999988,-2.2041199826559255,True,significant,ok,nan,1.5201097647679406e-15,False
glutamine,inventory_landscape,Glutamine(aq),Glutamine(aq),M_b9e610ff2a36,0.0,101325.0,0.0009646670077927,1.0,0.02,0.0125,0.0274999999999999,0.625,0.0,GLU_INV_000079,0.0084507042253521,-2.0731070983354325,0.008571428571428556,-2.066946789630614,True,significant,ok,nan,2.8459238096025147e-15,False
glutamine,inventory_landscape,Glutamine(aq),Glutamine(aq),M_b9e610ff2a36,0.0,101325.0,0.0009536249999655,1.0,0.02,0.0166666666666666,0.0274999999999999,0.8333333333333334,0.0,GLU_INV_000080,0.008416130917592,-2.074887517445853,0.008571428571428522,-2.0669467896306157,True,significant,ok,nan,4.578453338255466e-15,False
glutamine,inventory_landscape,Glutamine(aq),Glutamine(aq),M_b9e610ff2a36,0.0,101325.0,0.001317916001426,1.0,0.02,0.0208333333333333,0.0274999999999999,1.0416666666666667,0.0,GLU_INV_000081,0.0083818393480791,-2.076660667399977,0.008571428571428516,-2.066946789630616,True,significant,ok,nan,6.731130980498033e-15,False
glutamine,inventory_landscape,Glutamine(aq),Glutamine(aq),M_b9e610ff2a36,0.0,101325.0,0.0009554580028634,1.0,0.02,0.025,0.0274999999999999,1.25,0.0,GLU_INV_000082,0.0083478260869565,-2.0784266073140443,0.00857142857142855,-2.0669467896306144,True,significant,ok,nan,2.5950256436455837e-15,False
glutamine,inventory_landscape,Glutamine(aq),Glutamine(aq),M_b9e610ff2a36,0.0,101325.0,0.0009420839924132,1.0,0.02,0.0291666666666666,0.0274999999999999,1.4583333333333337,0.0,GLU_INV_000083,0.0083140877598152,-2.0801853955860805,0.008571428571428534,-2.0669467896306153,True,significant,ok,nan,1.9384032485372234e-15,False
glutamine,inventory_landscape,Glutamine(aq),Glutamine(aq),M_b9e610ff2a36,0.0,101325.0,0.0010241669951938,1.0,0.02,0.0333333333333333,0.0274999999999999,1.6666666666666667,0.0,GLU_INV_000084,0.0082806210465784,-2.0819370899074676,0.008571428571428494,-2.066946789630617,True,significant,ok,nan,5.362779417395799e-15,False
glutamine,inventory_landscape,Glutamine(aq),Glutamine(aq),M_b9e610ff2a36,0.0,101325.0,0.0009787919989321,1.0,0.02,0.0375,0.0274999999999999,1.875,0.0,GLU_INV_000085,0.0082474226804123,-2.083681747274305,0.008571428571428508,-2.0669467896306166,True,significant,ok,nan,5.127627990021336e-15,False
glutamine,inventory_landscape,Glutamine(aq),Glutamine(aq),M_b9e610ff2a36,0.0,101325.0,0.0009848750050878,1.0,0.02,0.0416666666666666,0.0274999999999999,2.083333333333333,0.0,GLU_INV_000086,0.0082144894466628,-2.0854194239985486,0.008571428571428516,-2.066946789630616,True,significant,ok,nan,2.3407782652678684e-15,False
glutamine,inventory_landscape,Glutamine(aq),Glutamine(aq),M_b9e610ff2a36,0.0,101325.0,0.0009854579984676,1.0,0.02,0.0458333333333333,0.0274999999999999,2.291666666666667,0.0,GLU_INV_000087,0.0081818181818181,-2.0871501757189046,0.008571428571428494,-2.066946789630617,True,significant,ok,nan,5.086840040100712e-15,False
glutamine,inventory_landscape,Glutamine(aq),Glutamine(aq),M_b9e610ff2a36,0.0,101325.0,0.0010202919947914,1.0,0.02,0.05,0.0274999999999999,2.5,0.0,GLU_INV_000088,0.0081494057724957,-2.0888740574115174,0.008571428571428516,-2.066946789630616,True,significant,ok,nan,2.7444562374435096e-15,False
glutamine,inventory_landscape,Glutamine(aq),Glutamine(aq),M_b9e610ff2a36,0.0,101325.0,0.00098154200532,1.0,0.02,0.0541666666666666,0.0274999999999999,2.708333333333333,0.0,GLU_INV_000089,0.0081172491544532,-2.0905911234004586,0.008571428571428556,-2.066946789630614,True,significant,ok,nan,8.411159780700173e-16,False
glutamine,inventory_landscape,Glutamine(aq),Glutamine(aq),M_b9e610ff2a36,0.0,101325.0,0.0009525829955236,1.0,0.02,0.0583333333333333,0.0274999999999999,2.916666666666667,0.0,GLU_INV_000090,0.0080853453116226,-2.0923014273679983,0.008571428571428497,-2.066946789630617,True,significant,ok,nan,3.1417877844529925e-15,False
glutamine,inventory_landscape,Glutamine(aq),Glutamine(aq),M_b9e610ff2a36,0.0,101325.0,0.000982291996479,1.0,0.02,0.0625,0.0274999999999999,3.125,0.0,GLU_INV_000091,0.0080536912751677,-2.094005022364654,0.008571428571428489,-2.0669467896306175,True,significant,ok,nan,3.9640177791985415e-15,False
glutamine,inventory_landscape,Glutamine(aq),Glutamine(aq),M_b9e610ff2a36,0.0,101325.0,0.0009622920042602,1.0,0.02,0.0666666666666666,0.0274999999999999,3.333333333333333,0.0,GLU_INV_000092,0.0080222841225626,-2.0957019608190923,0.008571428571428499,-2.066946789630617,True,significant,ok,nan,2.9094646840316055e-15,False
glutamine,inventory_landscape,Glutamine(aq),Glutamine(aq),M_b9e610ff2a36,0.0,101325.0,0.0009734589984873,1.0,0.02,0.0708333333333333,0.0274999999999999,3.541666666666667,0.0,GLU_INV_000093,0.0079911209766925,-2.097392294547798,0.008571428571428508,-2.0669467896306166,True,significant,ok,nan,1.656092946832641e-15,False
glutamine,inventory_landscape,Glutamine(aq),Glutamine(aq),M_b9e610ff2a36,0.0,101325.0,0.0010391249961685,1.0,0.02,0.075,0.0274999999999999,3.75,0.0,GLU_INV_000094,0.0079601990049751,-2.0990760747645654,0.008571428571428548,-2.0669467896306144,True,significant,ok,nan,1.6496846269720396e-15,False
glutamine,inventory_landscape,Glutamine(aq),Glutamine(aq),M_b9e610ff2a36,0.0,101325.0,0.0009857920085778,1.0,0.02,0.0791666666666666,0.0274999999999999,3.9583333333333335,0.0,GLU_INV_000095,0.0079295154185022,-2.100753352089817,0.008571428571428567,-2.0669467896306135,True,significant,ok,nan,1.0270785690364886e-15,False
glutamine,inventory_landscape,Glutamine(aq),Glutamine(aq),M_b9e610ff2a36,0.0,101325.0,0.0010501250071683,1.0,0.02,0.0833333333333333,0.0274999999999999,4.166666666666667,0.0,GLU_INV_000096,0.0078990674712013,-2.102424176559728,0.008571428571428555,-2.066946789630614,True,significant,ok,nan,1.023134767619453e-15,False
glutamine,inventory_landscape,Glutamine(aq),Glutamine(aq),M_b9e610ff2a36,0.0,101325.0,0.0009846659959293,1.0,0.02,0.0875,0.0274999999999999,4.375,0.0,GLU_INV_000097,0.0078688524590163,-2.104088597635185,0.008571428571428482,-2.066946789630618,True,significant,ok,nan,4.076884549443192e-15,False
glutamine,inventory_landscape,Glutamine(aq),Glutamine(aq),M_b9e610ff2a36,0.0,101325.0,0.0010040830093203,1.0,0.02,0.0916666666666666,0.0274999999999999,4.583333333333334,0.0,GLU_INV_000098,0.0078388677191072,-2.1057466642105607,0.00857142857142853,-2.0669467896306153,True,significant,ok,nan,1.4214722666948108e-15,False
glutamine,inventory_landscape,Glutamine(aq),Glutamine(aq),M_b9e610ff2a36,0.0,101325.0,0.0010452910064486,1.0,0.02,0.0958333333333333,0.0274999999999999,4.791666666666667,0.0,GLU_INV_000099,0.0078091106290672,-2.1073984246223634,0.008571428571428525,-2.0669467896306157,True,significant,ok,nan,1.2137796191129691e-15,False
glutamine,inventory_landscape,Glutamine(aq),Glutamine(aq),M_b9e610ff2a36,0.0,101325.0,0.000961500001722,1.0,0.02,0.1,0.0274999999999999,5.0,0.0,GLU_INV_000100,0.0077795786061588,-2.109043926657656,0.00857142857142854,-2.066946789630615,True,significant,ok,nan,1.4107209907716728e-15,False
glutamine,inventory_landscape,Glutamine(aq),Glutamine(aq),M_b9e610ff2a36,0.0,101325.0,0.000979415999609,1.0,0.02,0.0,0.0333333333333333,0.0,0.0,GLU_INV_000101,0.0,,0.0,,False,below_threshold,ok,nan,5.480847843086207e-15,False
glutamine,inventory_landscape,Glutamine(aq),Glutamine(aq),M_b9e610ff2a36,0.0,101325.0,0.0010211670014541,1.0,0.02,0.0041666666666666,0.0333333333333333,0.2083333333333333,0.0,GLU_INV_000102,0.0030024019215372,-2.522531170646421,0.0031249999999999716,-2.50514997831991,True,significant,ok,nan,8.533339500721773e-16,False
glutamine,inventory_landscape,Glutamine(aq),Glutamine(aq),M_b9e610ff2a36,0.0,101325.0,0.0009826659952523,1.0,0.02,0.0083333333333333,0.0333333333333333,0.4166666666666667,0.0,GLU_INV_000103,0.0060777957860615,-2.216253896305529,0.006249999999999923,-2.20411998265593,True,significant,ok,nan,1.036448074852656e-14,False
glutamine,inventory_landscape,Glutamine(aq),Glutamine(aq),M_b9e610ff2a36,0.0,101325.0,0.0010307500051567,1.0,0.02,0.0125,0.0333333333333333,0.625,0.0,GLU_INV_000104,0.0084023806745244,-2.0755976463995234,0.008571428571428534,-2.0669467896306153,True,significant,ok,nan,7.835953848678887e-15,False
glutamine,inventory_landscape,Glutamine(aq),Glutamine(aq),M_b9e610ff2a36,0.0,101325.0,0.000975709001068,1.0,0.02,0.0166666666666666,0.0333333333333333,0.8333333333333334,0.0,GLU_INV_000105,0.00836820083682,-2.0773679052841607,0.008571428571428502,-2.0669467896306166,True,significant,ok,nan,7.15373831766836e-15,False
glutamine,inventory_landscape,Glutamine(aq),Glutamine(aq),M_b9e610ff2a36,0.0,101325.0,0.0009876670083031,1.0,0.02,0.0208333333333333,0.0333333333333333,1.0416666666666667,0.0,GLU_INV_000106,0.0083342979511517,-2.079130977573481,0.00857142857142853,-2.0669467896306153,True,significant,ok,nan,4.9657388206408125e-15,False
glutamine,inventory_landscape,Glutamine(aq),Glutamine(aq),M_b9e610ff2a36,0.0,101325.0,0.0010137089993804,1.0,0.02,0.025,0.0333333333333333,1.25,0.0,GLU_INV_000107,0.0083006686649757,-2.080886921381479,0.008571428571428496,-2.066946789630617,True,significant,ok,nan,8.81625108786957e-15,False
glutamine,inventory_landscape,Glutamine(aq),Glutamine(aq),M_b9e610ff2a36,0.0,101325.0,0.0010563749965513,1.0,0.02,0.0291666666666666,0.0333333333333333,1.4583333333333337,0.0,GLU_INV_000108,0.0082673096796417,-2.0826357941200704,0.008571428571428527,-2.0669467896306153,True,significant,ok,nan,2.7841624592735556e-15,False
glutamine,inventory_landscape,Glutamine(aq),Glutamine(aq),M_b9e610ff2a36,0.0,101325.0,0.0009994580032071,1.0,0.02,0.0333333333333333,0.0333333333333333,1.6666666666666667,0.0,GLU_INV_000109,0.0082342177493138,-2.0843776525103785,0.008571428571428561,-2.0669467896306135,True,significant,ok,nan,2.13309089818191e-15,False
glutamine,inventory_landscape,Glutamine(aq),Glutamine(aq),M_b9e610ff2a36,0.0,101325.0,0.0009572080016369,1.0,0.02,0.0375,0.0333333333333333,1.875,0.0,GLU_INV_000110,0.0082013896799179,-2.0861125525937667,0.008571428571428499,-2.066946789630617,True,significant,ok,nan,5.311466799664709e-15,False
glutamine,inventory_landscape,Glutamine(aq),Glutamine(aq),M_b9e610ff2a36,0.0,101325.0,0.0010225830046692,1.0,0.02,0.0416666666666666,0.0333333333333333,2.083333333333333,0.0,GLU_INV_000111,0.0081688223281143,-2.087840549742635,0.008571428571428516,-2.066946789630616,True,significant,ok,nan,3.385840129557995e-15,False
glutamine,inventory_landscape,Glutamine(aq),Glutamine(aq),M_b9e610ff2a36,0.0,101325.0,0.0009975419961847,1.0,0.02,0.0458333333333333,0.0333333333333333,2.291666666666667,0.0,GLU_INV_000112,0.0081365126002938,-2.0895616986710595,0.008571428571428561,-2.0669467896306135,True,significant,ok,nan,1.897002162089767e-15,False
glutamine,inventory_landscape,Glutamine(aq),Glutamine(aq),M_b9e610ff2a36,0.0,101325.0,0.0009922919998643,1.0,0.02,0.05,0.0333333333333333,2.5,0.0,GLU_INV_000113,0.0081044574515983,-2.091276053445172,0.008571428571428506,-2.0669467896306166,True,significant,ok,nan,3.359161965547517e-15,False
glutamine,inventory_landscape,Glutamine(aq),Glutamine(aq),M_b9e610ff2a36,0.0,101325.0,0.0009523749904474,1.0,0.02,0.0541666666666666,0.0333333333333333,2.708333333333333,0.0,GLU_INV_000114,0.0080726538849646,-2.092983667493336,0.0085714285714285,-2.0669467896306166,True,significant,ok,nan,3.345979919489197e-15,False
glutamine,inventory_landscape,Glutamine(aq),Glutamine(aq),M_b9e610ff2a36,0.0,101325.0,0.0010891670099226,1.0,0.02,0.0583333333333333,0.0333333333333333,2.916666666666667,0.0,GLU_INV_000115,0.0080410989501898,-2.094684593616161,0.00857142857142852,-2.0669467896306157,True,significant,ok,nan,2.0830630794843206e-15,False
glutamine,inventory_landscape,Glutamine(aq),Glutamine(aq),M_b9e610ff2a36,0.0,101325.0,0.0009652910084696,1.0,0.02,0.0625,0.0333333333333333,3.125,0.0,GLU_INV_000116,0.0080097897430192,-2.0963788839962896,0.008571428571428532,-2.0669467896306153,True,significant,ok,nan,2.9049333117347484e-15,False
glutamine,inventory_landscape,Glutamine(aq),Glutamine(aq),M_b9e610ff2a36,0.0,101325.0,0.0009442920127185,1.0,0.02,0.0666666666666666,0.0333333333333333,3.333333333333333,0.0,GLU_INV_000117,0.0079787234042553,-2.0980665902079996,0.008571428571428555,-2.066946789630614,True,significant,ok,nan,1.0334522835606505e-15,False
glutamine,inventory_landscape,Glutamine(aq),Glutamine(aq),M_b9e610ff2a36,0.0,101325.0,0.0010344580077799,1.0,0.02,0.0708333333333333,0.0333333333333333,3.541666666666667,0.0,GLU_INV_000118,0.0079478971188872,-2.099747763226637,0.008571428571428485,-2.0669467896306175,True,significant,ok,nan,2.8824865370552637e-15,False
glutamine,inventory_landscape,Glutamine(aq),Glutamine(aq),M_b9e610ff2a36,0.0,101325.0,0.0009808339964365,1.0,0.02,0.075,0.0333333333333333,3.75,0.0,GLU_INV_000119,0.0079173081152408,-2.101422453437822,0.008571428571428555,-2.066946789630614,True,significant,ok,nan,1.640795849017165e-15,False
glutamine,inventory_landscape,Glutamine(aq),Glutamine(aq),M_b9e610ff2a36,0.0,101325.0,0.0010736670083133,1.0,0.02,0.0791666666666666,0.0333333333333333,3.9583333333333335,0.0,GLU_INV_000120,0.0078869536641472,-2.1030907106465624,0.008571428571428551,-2.0669467896306144,True,significant,ok,nan,2.451757714584636e-15,False
glutamine,inventory_landscape,Glutamine(aq),Glutamine(aq),M_b9e610ff2a36,0.0,101325.0,0.0009966250072466,1.0,0.02,0.0833333333333333,0.0333333333333333,4.166666666666667,0.0,GLU_INV_000121,0.0078568310781318,-2.104752584086093,0.008571428571428553,-2.066946789630614,True,significant,ok,nan,1.0176640557454508e-15,False
glutamine,inventory_landscape,Glutamine(aq),Glutamine(aq),M_b9e610ff2a36,0.0,101325.0,0.0009681250085122,1.0,0.02,0.0875,0.0333333333333333,4.375,0.0,GLU_INV_000122,0.0078269377106207,-2.106408122426617,0.008571428571428551,-2.0669467896306144,True,significant,ok,nan,8.110336694728831e-16,False
glutamine,inventory_landscape,Glutamine(aq),Glutamine(aq),M_b9e610ff2a36,0.0,101325.0,0.0011564580054255,1.0,0.02,0.0916666666666666,0.0333333333333333,4.583333333333334,0.0,GLU_INV_000123,0.0077972709551656,-2.108057373783859,0.00857142857142848,-2.066946789630618,True,significant,ok,nan,4.443777668415176e-15,False
glutamine,inventory_landscape,Glutamine(aq),Glutamine(aq),M_b9e610ff2a36,0.0,101325.0,0.0010045829985756,1.0,0.02,0.0958333333333333,0.0333333333333333,4.791666666666667,0.0,GLU_INV_000124,0.0077678282446865,-2.109700385727439,0.008571428571428483,-2.0669467896306175,True,significant,ok,nan,3.823316317405864e-15,False
glutamine,inventory_landscape,Glutamine(aq),Glutamine(aq),M_b9e610ff2a36,0.0,101325.0,0.0010581249953247,1.0,0.02,0.1,0.0333333333333333,5.0,0.0,GLU_INV_000125,0.0077386070507308,-2.1113372052891273,0.00857142857142851,-2.066946789630616,True,significant,ok,nan,2.8065827105743383e-15,False
glutamine,inventory_landscape,Glutamine(aq),Glutamine(aq),M_b9e610ff2a36,0.0,101325.0,0.0009783339919522,1.0,0.02,0.0,0.0391666666666666,0.0,0.0,GLU_INV_000126,0.0,,0.0,,False,below_threshold,ok,nan,1.0482042718726891e-15,False
glutamine,inventory_landscape,Glutamine(aq),Glutamine(aq),M_b9e610ff2a36,0.0,101325.0,0.0013824159977957,1.0,0.02,0.0041666666666666,0.0391666666666666,0.2083333333333333,0.0,GLU_INV_000127,0.0029856687898089,-2.524958371673461,0.003124999999999982,-2.5051499783199085,True,significant,ok,nan,6.364335809953127e-16,False
glutamine,inventory_landscape,Glutamine(aq),Glutamine(aq),M_b9e610ff2a36,0.0,101325.0,0.0009967090009013,1.0,0.02,0.0083333333333333,0.0391666666666666,0.4166666666666667,0.0,GLU_INV_000128,0.0060435132957292,-2.2187105181070335,0.006249999999999956,-2.2041199826559277,True,significant,ok,nan,6.655970429662493e-15,False
glutamine,inventory_landscape,Glutamine(aq),Glutamine(aq),M_b9e610ff2a36,0.0,101325.0,0.0009909999935189,1.0,0.02,0.0125,0.0391666666666666,0.625,0.0,GLU_INV_000129,0.0083546066372708,-2.078073993321082,0.008571428571428546,-2.0669467896306144,True,significant,ok,nan,5.843550289742061e-15,False
glutamine,inventory_landscape,Glutamine(aq),Glutamine(aq),M_b9e610ff2a36,0.0,101325.0,0.0010530419967835,1.0,0.02,0.0166666666666666,0.0391666666666666,0.8333333333333334,0.0,GLU_INV_000130,0.0083208135906621,-2.079834207283769,0.008571428571428485,-2.0669467896306175,True,significant,ok,nan,7.32878067336055e-15,False
glutamine,inventory_landscape,Glutamine(aq),Glutamine(aq),M_b9e610ff2a36,0.0,101325.0,0.0009865829924819,1.0,0.02,0.0208333333333333,0.0391666666666666,1.0416666666666667,0.0,GLU_INV_000131,0.0082872928176795,-2.0815873158135063,0.00857142857142852,-2.0669467896306157,True,significant,ok,nan,4.723048226305911e-15,False
glutamine,inventory_landscape,Glutamine(aq),Glutamine(aq),M_b9e610ff2a36,0.0,101325.0,0.0010385829955339,1.0,0.02,0.025,0.0391666666666666,1.25,0.0,GLU_INV_000132,0.0082540410409262,-2.083333376044565,0.008571428571428496,-2.066946789630617,True,significant,ok,nan,8.125259416722443e-15,False
glutamine,inventory_landscape,Glutamine(aq),Glutamine(aq),M_b9e610ff2a36,0.0,101325.0,0.0009813329961616,1.0,0.02,0.0291666666666666,0.0391666666666666,1.4583333333333337,0.0,GLU_INV_000133,0.0082210550353962,-2.085072444424839,0.008571428571428561,-2.0669467896306135,True,significant,ok,nan,1.0648405351508695e-15,False
glutamine,inventory_landscape,Glutamine(aq),Glutamine(aq),M_b9e610ff2a36,0.0,101325.0,0.0010725829924922,1.0,0.02,0.0333333333333333,0.0391666666666666,1.6666666666666667,0.0,GLU_INV_000134,0.0081883316274309,-2.08680457672683,0.00857142857142856,-2.066946789630614,True,significant,ok,nan,1.0606020023713539e-15,False
glutamine,inventory_landscape,Glutamine(aq),Glutamine(aq),M_b9e610ff2a36,0.0,101325.0,0.0009694580076029,1.0,0.02,0.0375,0.0391666666666666,1.875,0.0,GLU_INV_000135,0.0081558676937018,-2.088529828058352,0.00857142857142852,-2.0669467896306157,True,significant,ok,nan,5.0707059756327886e-15,False
glutamine,inventory_landscape,Glutamine(aq),Glutamine(aq),M_b9e610ff2a36,0.0,101325.0,0.0009992499981308,1.0,0.02,0.0416666666666666,0.0391666666666666,2.083333333333333,0.0,GLU_INV_000136,0.0081236601602166,-2.0902482528730557,0.008571428571428544,-2.0669467896306144,True,significant,ok,nan,2.314895802219664e-15,False
glutamine,inventory_landscape,Glutamine(aq),Glutamine(aq),M_b9e610ff2a36,0.0,101325.0,0.0010134170006494,1.0,0.02,0.0458333333333333,0.0391666666666666,2.291666666666667,0.0,GLU_INV_000137,0.0080917060013486,-2.091959904980758,0.00857142857142856,-2.066946789630614,True,significant,ok,nan,1.2577037635672703e-15,False
glutamine,inventory_landscape,Glutamine(aq),Glutamine(aq),M_b9e610ff2a36,0.0,101325.0,0.0009789169998839,1.0,0.02,0.05,0.0391666666666666,2.5,0.0,GLU_INV_000138,0.0080600022388895,-2.093664837557537,0.008571428571428561,-2.0669467896306135,True,significant,ok,nan,8.351840059869082e-16,False
glutamine,inventory_landscape,Glutamine(aq),Glutamine(aq),M_b9e610ff2a36,0.0,101325.0,0.0010741250007413,1.0,0.02,0.0541666666666666,0.0391666666666666,2.708333333333333,0.0,GLU_INV_000139,0.0080285459411239,-2.0953631031556537,0.008571428571428482,-2.066946789630618,True,significant,ok,nan,3.5356790347116884e-15,False
glutamine,inventory_landscape,Glutamine(aq),Glutamine(aq),M_b9e610ff2a36,0.0,101325.0,0.0009961659961845,1.0,0.02,0.0583333333333333,0.0391666666666666,2.916666666666667,0.0,GLU_INV_000140,0.007997334221926,-2.097054753713248,0.00857142857142855,-2.0669467896306144,True,significant,ok,nan,1.45020801617148e-15,False
glutamine,inventory_landscape,Glutamine(aq),Glutamine(aq),M_b9e610ff2a36,0.0,101325.0,0.0013153329928172,1.0,0.02,0.0625,0.0391666666666666,3.125,0.0,GLU_INV_000141,0.007966364239876,-2.098739840563919,0.0085714285714285,-2.0669467896306166,True,significant,ok,nan,3.301924640620066e-15,False
glutamine,inventory_landscape,Glutamine(aq),Glutamine(aq),M_b9e610ff2a36,0.0,101325.0,0.0009843750012805,1.0,0.02,0.0666666666666666,0.0391666666666666,3.333333333333333,0.0,GLU_INV_000142,0.0079356331973988,-2.1004184144460147,0.0085714285714285,-2.0669467896306166,True,significant,ok,nan,2.672464549522031e-15,False
glutamine,inventory_landscape,Glutamine(aq),Glutamine(aq),M_b9e610ff2a36,0.0,101325.0,0.0011337080068187,1.0,0.02,0.0708333333333333,0.0391666666666666,3.541666666666667,0.0,GLU_INV_000143,0.0079051383399209,-2.1020905255118394,0.008571428571428527,-2.0669467896306153,True,significant,ok,nan,1.6382737649277656e-15,False
glutamine,inventory_landscape,Glutamine(aq),Glutamine(aq),M_b9e610ff2a36,0.0,101325.0,0.0009855420066742,1.0,0.02,0.075,0.0391666666666666,3.75,0.0,GLU_INV_000144,0.0078748769550475,-2.103756223336632,0.008571428571428502,-2.0669467896306166,True,significant,ok,nan,3.2640046923246375e-15,False
glutamine,inventory_landscape,Glutamine(aq),Glutamine(aq),M_b9e610ff2a36,0.0,101325.0,0.0009850839996943,1.0,0.02,0.0791666666666666,0.0391666666666666,3.9583333333333335,0.0,GLU_INV_000145,0.0078448463717585,-2.105415556927375,0.008571428571428518,-2.0669467896306157,True,significant,ok,nan,2.0322234488671408e-15,False
glutamine,inventory_landscape,Glutamine(aq),Glutamine(aq),M_b9e610ff2a36,0.0,101325.0,0.0010605419956846,1.0,0.02,0.0833333333333333,0.0391666666666666,4.166666666666667,0.0,GLU_INV_000146,0.0078150439596222,-2.107068574731467,0.008571428571428502,-2.0669467896306166,True,significant,ok,nan,1.8220527659103818e-15,False
glutamine,inventory_landscape,Glutamine(aq),Glutamine(aq),M_b9e610ff2a36,0.0,101325.0,0.0009800840052776,1.0,0.02,0.0875,0.0391666666666666,4.375,0.0,GLU_INV_000147,0.0077854671280276,-2.10871532464519,0.008571428571428496,-2.066946789630617,True,significant,ok,nan,3.630314042459416e-15,False
glutamine,inventory_landscape,Glutamine(aq),Glutamine(aq),M_b9e610ff2a36,0.0,101325.0,0.0011043749982491,1.0,0.02,0.0916666666666666,0.0391666666666666,4.583333333333334,0.0,GLU_INV_000148,0.0077561133254335,-2.1103558540220493,0.008571428571428483,-2.0669467896306175,True,significant,ok,nan,2.009236972282948e-15,False
glutamine,inventory_landscape,Glutamine(aq),Glutamine(aq),M_b9e610ff2a36,0.0,101325.0,0.0010184999991906,1.0,0.02,0.0958333333333333,0.0391666666666666,4.791666666666667,0.0,GLU_INV_000149,0.0077269800386348,-2.1119902096809393,0.008571428571428471,-2.0669467896306184,True,significant,ok,nan,3.80321087637207e-15,False
glutamine,inventory_landscape,Glutamine(aq),Glutamine(aq),M_b9e610ff2a36,0.0,101325.0,0.0010138329962501,1.0,0.02,0.1,0.0391666666666666,5.0,0.0,GLU_INV_000150,0.0076980647920453,-2.1136184379141576,0.008571428571428542,-2.066946789630615,True,significant,ok,nan,1.3959395669402149e-15,False
glutamine,inventory_landscape,Glutamine(aq),Glutamine(aq),M_b9e610ff2a36,0.0,101325.0,0.0009584159997757,1.0,0.02,0.0,0.045,0.0,0.0,GLU_INV_000151,0.0,,0.0,,False,below_threshold,ok,nan,5.003822082817599e-15,False
glutamine,inventory_landscape,Glutamine(aq),Glutamine(aq),M_b9e610ff2a36,0.0,101325.0,0.0010469169938005,1.0,0.02,0.0041666666666666,0.045,0.2083333333333333,0.0,GLU_INV_000152,0.0029691211401425,-2.5273720828276147,0.003124999999999981,-2.5051499783199085,True,significant,ok,nan,2.3206562034920135e-15,False
glutamine,inventory_landscape,Glutamine(aq),Glutamine(aq),M_b9e610ff2a36,0.0,101325.0,0.0009753339982125,1.0,0.02,0.0083333333333333,0.045,0.4166666666666667,0.0,GLU_INV_000153,0.0060096153846153,-2.221153321954711,0.006249999999999923,-2.20411998265593,True,significant,ok,nan,1.0888725818439017e-14,False
glutamine,inventory_landscape,Glutamine(aq),Glutamine(aq),M_b9e610ff2a36,0.0,101325.0,0.0009617089963285,1.0,0.02,0.0125,0.045,0.625,0.0,GLU_INV_000154,0.0083073727933541,-2.080536300132591,0.00857142857142857,-2.066946789630613,True,significant,ok,nan,3.4432669784151617e-15,False
glutamine,inventory_landscape,Glutamine(aq),Glutamine(aq),M_b9e610ff2a36,0.0,101325.0,0.0009942499891621,1.0,0.02,0.0166666666666666,0.045,0.8333333333333334,0.0,GLU_INV_000155,0.0082739600091932,-2.0822865825254344,0.0085714285714285,-2.0669467896306166,True,significant,ok,nan,6.0014813925956375e-15,False
glutamine,inventory_landscape,Glutamine(aq),Glutamine(aq),M_b9e610ff2a36,0.0,101325.0,0.0009565840009599,1.0,0.02,0.0208333333333333,0.045,1.0416666666666667,0.0,GLU_INV_000156,0.0082408149250314,-2.084029839280497,0.008571428571428511,-2.066946789630616,True,significant,ok,nan,8.325719649014547e-15,False
glutamine,inventory_landscape,Glutamine(aq),Glutamine(aq),M_b9e610ff2a36,0.0,101325.0,0.0010293329978594,1.0,0.02,0.025,0.045,1.25,0.0,GLU_INV_000157,0.0082079343365253,-2.0857661265742173,0.008571428571428574,-2.066946789630613,True,significant,ok,nan,1.7010257012040685e-15,False
glutamine,inventory_landscape,Glutamine(aq),Glutamine(aq),M_b9e610ff2a36,0.0,101325.0,0.0009727910073706,1.0,0.02,0.0291666666666666,0.045,1.4583333333333337,0.0,GLU_INV_000158,0.0081753150902691,-2.087495499911948,0.008571428571428568,-2.0669467896306135,True,significant,ok,nan,2.3296152486741104e-15,False
glutamine,inventory_landscape,Glutamine(aq),Glutamine(aq),M_b9e610ff2a36,0.0,101325.0,0.001035082997987,1.0,0.02,0.0333333333333333,0.045,1.6666666666666667,0.0,GLU_INV_000159,0.0081429540827867,-2.0892180141385865,0.008571428571428574,-2.066946789630613,True,significant,ok,nan,6.328346577822651e-16,False
glutamine,inventory_landscape,Glutamine(aq),Glutamine(aq),M_b9e610ff2a36,0.0,101325.0,0.0009855840035015,1.0,0.02,0.0375,0.045,1.875,0.0,GLU_INV_000160,0.0081108482595471,-2.0909337234490293,0.008571428571428534,-2.0669467896306153,True,significant,ok,nan,2.52135813635723e-15,False
glutamine,inventory_landscape,Glutamine(aq),Glutamine(aq),M_b9e610ff2a36,0.0,101325.0,0.0013950830034445,1.0,0.02,0.0416666666666666,0.045,2.083333333333333,0.0,GLU_INV_000161,0.0080789946140035,-2.0926426813983903,0.00857142857142849,-2.0669467896306175,True,significant,ok,nan,3.557896048394795e-15,False
glutamine,inventory_landscape,Glutamine(aq),Glutamine(aq),M_b9e610ff2a36,0.0,101325.0,0.001137707993621,1.0,0.02,0.0458333333333333,0.045,2.291666666666667,0.0,GLU_INV_000162,0.0080473901866547,-2.0943449409120345,0.008571428571428539,-2.066946789630615,True,significant,ok,nan,2.9185699719664283e-15,False
glutamine,inventory_landscape,Glutamine(aq),Glutamine(aq),M_b9e610ff2a36,0.0,101325.0,0.0010598749940982,1.0,0.02,0.05,0.045,2.5,0.0,GLU_INV_000163,0.0080160320641282,-2.0960405542954303,0.00857142857142852,-2.0669467896306157,True,significant,ok,nan,3.322511122458715e-15,False
glutamine,inventory_landscape,Glutamine(aq),Glutamine(aq),M_b9e610ff2a36,0.0,101325.0,0.0010742500016931,1.0,0.02,0.0541666666666666,0.045,2.708333333333333,0.0,GLU_INV_000164,0.0079849173782854,-2.097729573243767,0.008571428571428516,-2.066946789630616,True,significant,ok,nan,2.2753600415961925e-15,False
glutamine,inventory_landscape,Glutamine(aq),Glutamine(aq),M_b9e610ff2a36,0.0,101325.0,0.0009958750015357,1.0,0.02,0.0583333333333333,0.045,2.916666666666667,0.0,GLU_INV_000165,0.0079540433053468,-2.099412048851427,0.008571428571428496,-2.066946789630617,True,significant,ok,nan,2.6786644783267097e-15,False
glutamine,inventory_landscape,Glutamine(aq),Glutamine(aq),M_b9e610ff2a36,0.0,101325.0,0.001069958001608,1.0,0.02,0.0625,0.045,3.125,0.0,GLU_INV_000166,0.0079234070650379,-2.1010880316212535,0.008571428571428513,-2.066946789630616,True,significant,ok,nan,3.0788621349789703e-15,False
glutamine,inventory_landscape,Glutamine(aq),Glutamine(aq),M_b9e610ff2a36,0.0,101325.0,0.0009912910027196,1.0,0.02,0.0666666666666666,0.045,3.333333333333333,0.0,GLU_INV_000167,0.0078930059197544,-2.1027575714736533,0.008571428571428532,-2.0669467896306153,True,significant,ok,nan,2.658109061369591e-15,False
glutamine,inventory_landscape,Glutamine(aq),Glutamine(aq),M_b9e610ff2a36,0.0,101325.0,0.0012982079933863,1.0,0.02,0.0708333333333333,0.045,3.541666666666667,0.0,GLU_INV_000168,0.0078628371737468,-2.1044207177555174,0.008571428571428516,-2.066946789630616,True,significant,ok,nan,2.036884002806881e-15,False
glutamine,inventory_landscape,Glutamine(aq),Glutamine(aq),M_b9e610ff2a36,0.0,101325.0,0.0010273329971823,1.0,0.02,0.075,0.045,3.75,0.0,GLU_INV_000169,0.0078328981723237,-2.106077519248964,0.00857142857142852,-2.0669467896306157,True,significant,ok,nan,3.449518013848392e-15,False
glutamine,inventory_landscape,Glutamine(aq),Glutamine(aq),M_b9e610ff2a36,0.0,101325.0,0.000986125000054,1.0,0.02,0.0791666666666666,0.045,3.9583333333333335,0.0,GLU_INV_000170,0.0078031863010729,-2.107728024179932,0.008571428571428532,-2.0669467896306153,True,significant,ok,nan,2.425717587129419e-15,False
glutamine,inventory_landscape,Glutamine(aq),Glutamine(aq),M_b9e610ff2a36,0.0,101325.0,0.0010274170053889,1.0,0.02,0.0833333333333333,0.045,4.166666666666667,0.0,GLU_INV_000171,0.0077736989851004,-2.109372280226607,0.008571428571428563,-2.0669467896306135,True,significant,ok,nan,1.0068962866390965e-15,False
glutamine,inventory_landscape,Glutamine(aq),Glutamine(aq),M_b9e610ff2a36,0.0,101325.0,0.00097866600845,1.0,0.02,0.0875,0.045,4.375,0.0,GLU_INV_000172,0.0077444336882865,-2.1110103345276796,0.008571428571428534,-2.0669467896306153,True,significant,ok,nan,2.6080747400035914e-15,False
glutamine,inventory_landscape,Glutamine(aq),Glutamine(aq),M_b9e610ff2a36,0.0,101325.0,0.0010739999997895,1.0,0.02,0.0916666666666666,0.045,4.583333333333334,0.0,GLU_INV_000173,0.0077153879125589,-2.1126422336904485,0.008571428571428534,-2.0669467896306153,True,significant,ok,nan,1.1992121826212574e-15,False
glutamine,inventory_landscape,Glutamine(aq),Glutamine(aq),M_b9e610ff2a36,0.0,101325.0,0.0009962090116459,1.0,0.02,0.0958333333333333,0.045,4.791666666666667,0.0,GLU_INV_000174,0.0076865591971815,-2.114268023798796,0.008571428571428478,-2.066946789630618,True,significant,ok,nan,3.185950133652628e-15,False
glutamine,inventory_landscape,Glutamine(aq),Glutamine(aq),M_b9e610ff2a36,0.0,101325.0,0.0010737920092651,1.0,0.02,0.1,0.045,5.0,0.0,GLU_INV_000175,0.0076579451180599,-2.11588775042097,0.008571428571428487,-2.0669467896306175,True,significant,ok,nan,4.761135115176159e-15,False
glutamine,inventory_landscape,Glutamine(aq),Glutamine(aq),M_b9e610ff2a36,0.0,101325.0,0.0009936669957824,1.0,0.02,0.0,0.0508333333333333,0.0,0.0,GLU_INV_000176,0.0,,0.0,,False,below_threshold,ok,nan,1.2441409770118481e-15,False
glutamine,inventory_landscape,Glutamine(aq),Glutamine(aq),M_b9e610ff2a36,0.0,101325.0,0.0009847089968388,1.0,0.02,0.0041666666666666,0.0508333333333333,0.2083333333333333,0.0,GLU_INV_000177,0.0029527559055118,-2.5297724532282397,0.003124999999999988,-2.5051499783199076,True,significant,ok,nan,2.9372829627878164e-15,False
glutamine,inventory_landscape,Glutamine(aq),Glutamine(aq),M_b9e610ff2a36,0.0,101325.0,0.0009694580076029,1.0,0.02,0.0083333333333333,0.0508333333333333,0.4166666666666667,0.0,GLU_INV_000178,0.0059760956175298,-2.223582462425363,0.006249999999999927,-2.20411998265593,True,significant,ok,nan,9.341796924335962e-15,False
glutamine,inventory_landscape,Glutamine(aq),Glutamine(aq),M_b9e610ff2a36,0.0,101325.0,0.0010820000024978,1.0,0.02,0.0125,0.0508333333333333,0.625,0.0,GLU_INV_000179,0.0082606700321248,-2.082984725142951,0.008571428571428548,-2.0669467896306144,True,significant,ok,nan,3.209915123973604e-15,False
glutamine,inventory_landscape,Glutamine(aq),Glutamine(aq),M_b9e610ff2a36,0.0,101325.0,0.0009946659993147,1.0,0.02,0.0166666666666666,0.0508333333333333,0.8333333333333334,0.0,GLU_INV_000180,0.0082276311278711,-2.0847251874101267,0.008571428571428572,-2.066946789630613,True,significant,ok,nan,6.394153861399599e-16,False
glutamine,inventory_landscape,Glutamine(aq),Glutamine(aq),M_b9e610ff2a36,0.0,101325.0,0.0010141249949811,1.0,0.02,0.0208333333333333,0.0508333333333333,1.0416666666666667,0.0,GLU_INV_000181,0.0081948554518552,-2.0864587024980343,0.008571428571428553,-2.066946789630614,True,significant,ok,nan,3.821209226572354e-15,False
glutamine,inventory_landscape,Glutamine(aq),Glutamine(aq),M_b9e610ff2a36,0.0,101325.0,0.0009735829953569,1.0,0.02,0.025,0.0508333333333333,1.25,0.0,GLU_INV_000182,0.0081623398707629,-2.088185325646574,0.008571428571428523,-2.0669467896306157,True,significant,ok,nan,6.1319652828180015e-15,False
glutamine,inventory_landscape,Glutamine(aq),Glutamine(aq),M_b9e610ff2a36,0.0,101325.0,0.0010578329965937,1.0,0.02,0.0291666666666666,0.0508333333333333,1.4583333333333337,0.0,GLU_INV_000183,0.008130081300813,-2.0899051114393985,0.008571428571428565,-2.0669467896306135,True,significant,ok,nan,2.1061141388553101e-16,False
glutamine,inventory_landscape,Glutamine(aq),Glutamine(aq),M_b9e610ff2a36,0.0,101325.0,0.0009832500072661,1.0,0.02,0.0333333333333333,0.0508333333333333,1.6666666666666667,0.0,GLU_INV_000184,0.0080980767067821,-2.091618113814282,0.008571428571428539,-2.066946789630615,True,significant,ok,nan,2.09782328351171e-15,False
glutamine,inventory_landscape,Glutamine(aq),Glutamine(aq),M_b9e610ff2a36,0.0,101325.0,0.001029417006066,1.0,0.02,0.0375,0.0508333333333333,1.875,0.0,GLU_INV_000185,0.0080663231010531,-2.0933243860732422,0.008571428571428572,-2.066946789630613,True,significant,ok,nan,1.2537584683196923e-15,False
glutamine,inventory_landscape,Glutamine(aq),Glutamine(aq),M_b9e610ff2a36,0.0,101325.0,0.0009628340048948,1.0,0.02,0.0416666666666666,0.0508333333333333,2.083333333333333,0.0,GLU_INV_000186,0.0080348175426849,-2.0950239808925257,0.008571428571428508,-2.0669467896306166,True,significant,ok,nan,3.746584562511405e-15,False
glutamine,inventory_landscape,Glutamine(aq),Glutamine(aq),M_b9e610ff2a36,0.0,101325.0,0.0009757499938132,1.0,0.02,0.0458333333333333,0.0508333333333333,2.291666666666667,0.0,GLU_INV_000187,0.0080035571365051,-2.096716950332327,0.008571428571428561,-2.0669467896306135,True,significant,ok,nan,1.0366688980492785e-15,False
glutamine,inventory_landscape,Glutamine(aq),Glutamine(aq),M_b9e610ff2a36,0.0,101325.0,0.0009689159924164,1.0,0.02,0.05,0.0508333333333333,2.5,0.0,GLU_INV_000188,0.0079725390322223,-2.0984033458463998,0.008571428571428532,-2.0669467896306153,True,significant,ok,nan,2.684893240816454e-15,False
glutamine,inventory_landscape,Glutamine(aq),Glutamine(aq),M_b9e610ff2a36,0.0,101325.0,0.0009730829915497,1.0,0.02,0.0541666666666666,0.0508333333333333,2.708333333333333,0.0,GLU_INV_000189,0.0079417604235605,-2.1000832182914038,0.008571428571428523,-2.0669467896306157,True,significant,ok,nan,2.4687950779222507e-15,False
glutamine,inventory_landscape,Glutamine(aq),Glutamine(aq),M_b9e610ff2a36,0.0,101325.0,0.0010523329983698,1.0,0.02,0.0583333333333333,0.0508333333333333,2.916666666666667,0.0,GLU_INV_000190,0.0079112185474123,-2.1017566179361276,0.008571428571428506,-2.0669467896306166,True,significant,ok,nan,2.459300755570061e-15,False
glutamine,inventory_landscape,Glutamine(aq),Glutamine(aq),M_b9e610ff2a36,0.0,101325.0,0.0009955840068869,1.0,0.02,0.0625,0.0508333333333333,3.125,0.0,GLU_INV_000191,0.0078809106830122,-2.1034235944705078,0.008571428571428516,-2.066946789630616,True,significant,ok,nan,2.2457225804589392e-15,False
glutamine,inventory_landscape,Glutamine(aq),Glutamine(aq),M_b9e610ff2a36,0.0,101325.0,0.0010412499977974,1.0,0.02,0.0666666666666666,0.0508333333333333,3.333333333333333,0.0,GLU_INV_000192,0.0078508341511285,-2.105084197014486,0.008571428571428516,-2.066946789630616,True,significant,ok,nan,1.627019676257997e-15,False
glutamine,inventory_landscape,Glutamine(aq),Glutamine(aq),M_b9e610ff2a36,0.0,101325.0,0.0009724999981699,1.0,0.02,0.0708333333333333,0.0508333333333333,3.541666666666667,0.0,GLU_INV_000193,0.0078209863132739,-2.10673847412669,0.008571428571428523,-2.0669467896306157,True,significant,ok,nan,2.2286466972705703e-15,False
glutamine,inventory_landscape,Glutamine(aq),Glutamine(aq),M_b9e610ff2a36,0.0,101325.0,0.0010577079956419,1.0,0.02,0.075,0.0508333333333333,3.75,0.0,GLU_INV_000194,0.0077913645709338,-2.108386473812957,0.008571428571428499,-2.066946789630617,True,significant,ok,nan,3.0275533189648183e-15,False
glutamine,inventory_landscape,Glutamine(aq),Glutamine(aq),M_b9e610ff2a36,0.0,101325.0,0.0012473340029828,1.0,0.02,0.0791666666666666,0.0508333333333333,3.9583333333333335,0.0,GLU_INV_000195,0.0077619663648124,-2.1100282435346824,0.008571428571428553,-2.066946789630614,True,significant,ok,nan,1.407527249848193e-15,False
glutamine,inventory_landscape,Glutamine(aq),Glutamine(aq),M_b9e610ff2a36,0.0,101325.0,0.0010684159933589,1.0,0.02,0.0833333333333333,0.0508333333333333,4.166666666666667,0.0,GLU_INV_000196,0.0077327891740951,-2.111663830217047,0.00857142857142852,-2.0669467896306157,True,significant,ok,nan,1.802875322987042e-15,False
glutamine,inventory_landscape,Glutamine(aq),Glutamine(aq),M_b9e610ff2a36,0.0,101325.0,0.0009932079992722,1.0,0.02,0.0875,0.0508333333333333,4.375,0.0,GLU_INV_000197,0.0077038305157286,-2.1132932802570292,0.008571428571428518,-2.0669467896306157,True,significant,ok,nan,2.5944009049661247e-15,False
glutamine,inventory_landscape,Glutamine(aq),Glutamine(aq),M_b9e610ff2a36,0.0,101325.0,0.0010110000002896,1.0,0.02,0.0916666666666666,0.0508333333333333,4.583333333333334,0.0,GLU_INV_000198,0.007675087943716,-2.1149166395313284,0.008571428571428553,-2.066946789630614,True,significant,ok,nan,9.941235909659215e-16,False
glutamine,inventory_landscape,Glutamine(aq),Glutamine(aq),M_b9e610ff2a36,0.0,101325.0,0.0010117499914485,1.0,0.02,0.0958333333333333,0.0508333333333333,4.791666666666667,0.0,GLU_INV_000199,0.0076465590484282,-2.1165339534041103,0.008571428571428565,-2.0669467896306135,True,significant,ok,nan,5.942570140304576e-16,False
glutamine,inventory_landscape,Glutamine(aq),Glutamine(aq),M_b9e610ff2a36,0.0,101325.0,0.0009937499999068,1.0,0.02,0.1,0.0508333333333333,5.0,0.0,GLU_INV_000200,0.0076182414559305,-2.118145266734611,0.008571428571428485,-2.0669467896306175,True,significant,ok,nan,2.3682251800278408e-15,False
glutamine,inventory_landscape,Glutamine(aq),Glutamine(aq),M_b9e610ff2a36,0.0,101325.0,0.0009405000018887,1.0,0.02,0.0,0.0566666666666666,0.0,0.0,GLU_INV_000201,0.0,,0.0,,False,below_threshold,ok,nan,3.093500687810033e-15,False
glutamine,inventory_landscape,Glutamine(aq),Glutamine(aq),M_b9e610ff2a36,0.0,101325.0,0.0010545830009505,1.0,0.02,0.0041666666666666,0.0566666666666666,0.2083333333333333,0.0,GLU_INV_000202,0.0029365700861393,-2.53215962953571,0.0031249999999999087,-2.5051499783199187,True,significant,ok,nan,1.2519351256540515e-14,False
glutamine,inventory_landscape,Glutamine(aq),Glutamine(aq),M_b9e610ff2a36,0.0,101325.0,0.0010053750011138,1.0,0.02,0.0083333333333333,0.0566666666666666,0.4166666666666667,0.0,GLU_INV_000203,0.0059429477020602,-2.225998091516417,0.006249999999999983,-2.204119982655926,True,significant,ok,nan,2.955902823090747e-15,False
glutamine,inventory_landscape,Glutamine(aq),Glutamine(aq),M_b9e610ff2a36,0.0,101325.0,0.0010299999994458,1.0,0.02,0.0125,0.0566666666666666,0.625,0.0,GLU_INV_000204,0.0082144894466628,-2.0854194239985486,0.008571428571428513,-2.066946789630616,True,significant,ok,nan,9.788709109301999e-15,False
glutamine,inventory_landscape,Glutamine(aq),Glutamine(aq),M_b9e610ff2a36,0.0,101325.0,0.0009846659959293,1.0,0.02,0.0166666666666666,0.0566666666666666,0.8333333333333334,0.0,GLU_INV_000205,0.0081818181818181,-2.0871501757189046,0.008571428571428494,-2.066946789630617,True,significant,ok,nan,9.325873406851304e-15,False
glutamine,inventory_landscape,Glutamine(aq),Glutamine(aq),M_b9e610ff2a36,0.0,101325.0,0.0010821670002769,1.0,0.02,0.0208333333333333,0.0566666666666666,1.0416666666666667,0.0,GLU_INV_000206,0.0081494057724957,-2.0888740574115174,0.00857142857142852,-2.0669467896306157,True,significant,ok,nan,7.1778086210061e-15,False
glutamine,inventory_landscape,Glutamine(aq),Glutamine(aq),M_b9e610ff2a36,0.0,101325.0,0.0010555839980952,1.0,0.02,0.025,0.0566666666666666,1.25,0.0,GLU_INV_000207,0.0081172491544532,-2.0905911234004586,0.00857142857142856,-2.066946789630614,True,significant,ok,nan,3.785021901315076e-15,False
glutamine,inventory_landscape,Glutamine(aq),Glutamine(aq),M_b9e610ff2a36,0.0,101325.0,0.0010347920033382,1.0,0.02,0.0291666666666666,0.0566666666666666,1.4583333333333337,0.0,GLU_INV_000208,0.0080853453116226,-2.0923014273679983,0.008571428571428497,-2.066946789630617,True,significant,ok,nan,6.493028087869518e-15,False
glutamine,inventory_landscape,Glutamine(aq),Glutamine(aq),M_b9e610ff2a36,0.0,101325.0,0.0010441669874126,1.0,0.02,0.0333333333333333,0.0566666666666666,1.6666666666666667,0.0,GLU_INV_000209,0.0080536912751677,-2.094005022364654,0.008571428571428489,-2.0669467896306175,True,significant,ok,nan,5.424445382061162e-15,False
glutamine,inventory_landscape,Glutamine(aq),Glutamine(aq),M_b9e610ff2a36,0.0,101325.0,0.001063540999894,1.0,0.02,0.0375,0.0566666666666666,1.875,0.0,GLU_INV_000210,0.0080222841225626,-2.0957019608190923,0.0085714285714285,-2.0669467896306166,True,significant,ok,nan,4.572015932049665e-15,False
glutamine,inventory_landscape,Glutamine(aq),Glutamine(aq),M_b9e610ff2a36,0.0,101325.0,0.0012512499961303,1.0,0.02,0.0416666666666666,0.0566666666666666,2.083333333333333,0.0,GLU_INV_000211,0.0079911209766925,-2.097392294547798,0.00857142857142851,-2.066946789630616,True,significant,ok,nan,3.726209130373442e-15,False
glutamine,inventory_landscape,Glutamine(aq),Glutamine(aq),M_b9e610ff2a36,0.0,101325.0,0.001050375009072,1.0,0.02,0.0458333333333333,0.0566666666666666,2.291666666666667,0.0,GLU_INV_000212,0.0079601990049751,-2.0990760747645654,0.008571428571428551,-2.0669467896306144,True,significant,ok,nan,1.649684626972039e-15,False
glutamine,inventory_landscape,Glutamine(aq),Glutamine(aq),M_b9e610ff2a36,0.0,101325.0,0.0009681670053396,1.0,0.02,0.05,0.0566666666666666,2.5,0.0,GLU_INV_000213,0.0079295154185022,-2.100753352089817,0.00857142857142857,-2.066946789630613,True,significant,ok,nan,8.216628552291906e-16,False
glutamine,inventory_landscape,Glutamine(aq),Glutamine(aq),M_b9e610ff2a36,0.0,101325.0,0.0010812500113388,1.0,0.02,0.0541666666666666,0.0566666666666666,2.708333333333333,0.0,GLU_INV_000214,0.0078990674712013,-2.102424176559728,0.008571428571428553,-2.066946789630614,True,significant,ok,nan,2.0462695352389064e-16,False
glutamine,inventory_landscape,Glutamine(aq),Glutamine(aq),M_b9e610ff2a36,0.0,101325.0,0.0009757079969858,1.0,0.02,0.0583333333333333,0.0566666666666666,2.916666666666667,0.0,GLU_INV_000215,0.0078688524590163,-2.104088597635185,0.00857142857142848,-2.066946789630618,True,significant,ok,nan,4.2807287769153526e-15,False
glutamine,inventory_landscape,Glutamine(aq),Glutamine(aq),M_b9e610ff2a36,0.0,101325.0,0.001233625007444,1.0,0.02,0.0625,0.0566666666666666,3.125,0.0,GLU_INV_000216,0.0078388677191072,-2.1057466642105607,0.008571428571428534,-2.0669467896306153,True,significant,ok,nan,1.6245397333654974e-15,False
glutamine,inventory_landscape,Glutamine(aq),Glutamine(aq),M_b9e610ff2a36,0.0,101325.0,0.0009719580120872,1.0,0.02,0.0666666666666666,0.0566666666666666,3.333333333333333,0.0,GLU_INV_000217,0.0078091106290672,-2.1073984246223634,0.008571428571428523,-2.0669467896306157,True,significant,ok,nan,1.4160762222984642e-15,False
glutamine,inventory_landscape,Glutamine(aq),Glutamine(aq),M_b9e610ff2a36,0.0,101325.0,0.0011969589977525,1.0,0.02,0.0708333333333333,0.0566666666666666,3.541666666666667,0.0,GLU_INV_000218,0.0077795786061588,-2.109043926657656,0.00857142857142854,-2.066946789630615,True,significant,ok,nan,1.4107209907716728e-15,False
glutamine,inventory_landscape,Glutamine(aq),Glutamine(aq),M_b9e610ff2a36,0.0,101325.0,0.0009531249961582,1.0,0.02,0.075,0.0566666666666666,3.75,0.0,GLU_INV_000219,0.0077502691065662,-2.1106832175623733,0.008571428571428572,-2.066946789630613,True,significant,ok,nan,1.204633809281117e-15,False
glutamine,inventory_landscape,Glutamine(aq),Glutamine(aq),M_b9e610ff2a36,0.0,101325.0,0.0012249999999767,1.0,0.02,0.0791666666666666,0.0566666666666666,3.9583333333333335,0.0,GLU_INV_000220,0.0077211796246648,-2.1123163440494612,0.008571428571428496,-2.066946789630617,True,significant,ok,nan,2.400224791039477e-15,False
glutamine,inventory_landscape,Glutamine(aq),Glutamine(aq),M_b9e610ff2a36,0.0,101325.0,0.0009854590025497,1.0,0.02,0.0833333333333333,0.0566666666666666,4.166666666666667,0.0,GLU_INV_000221,0.0076923076923076,-2.113943352306842,0.008571428571428478,-2.066946789630618,True,significant,ok,nan,2.5905203907920286e-15,False
glutamine,inventory_landscape,Glutamine(aq),Glutamine(aq),M_b9e610ff2a36,0.0,101325.0,0.0011985000019194,1.0,0.02,0.0875,0.0566666666666666,4.375,0.0,GLU_INV_000222,0.0076636508781266,-2.1155642880052796,0.008571428571428513,-2.066946789630616,True,significant,ok,nan,1.9852843867698353e-15,False
glutamine,inventory_landscape,Glutamine(aq),Glutamine(aq),M_b9e610ff2a36,0.0,101325.0,0.0009708750003483,1.0,0.02,0.0916666666666666,0.0566666666666666,4.583333333333334,0.0,GLU_INV_000223,0.0076352067868504,-2.1171791963060644,0.008571428571428492,-2.066946789630617,True,significant,ok,nan,1.38454112084749e-15,False
glutamine,inventory_landscape,Glutamine(aq),Glutamine(aq),M_b9e610ff2a36,0.0,101325.0,0.0010574170009931,1.0,0.02,0.0958333333333333,0.0566666666666666,4.791666666666667,0.0,GLU_INV_000224,0.007606973058637,-2.118788121868552,0.008571428571428489,-2.0669467896306175,True,significant,ok,nan,2.3647222584725964e-15,False
glutamine,inventory_landscape,Glutamine(aq),Glutamine(aq),M_b9e610ff2a36,0.0,101325.0,0.0009613750007702,1.0,0.02,0.1,0.0566666666666666,5.0,0.0,GLU_INV_000225,0.007578947368421,-2.120391108857582,0.008571428571428518,-2.0669467896306157,True,significant,ok,nan,1.3743392389044033e-15,False
glutamine,inventory_landscape,Glutamine(aq),Glutamine(aq),M_b9e610ff2a36,0.0,101325.0,0.0011478329979581,1.0,0.02,0.0,0.0624999999999999,0.0,0.0,GLU_INV_000226,0.0,,0.0,,False,below_threshold,ok,nan,1.2307322212934763e-15,False
glutamine,inventory_landscape,Glutamine(aq),Glutamine(aq),M_b9e610ff2a36,0.0,101325.0,0.0010460409976076,1.0,0.02,0.0041666666666666,0.0624999999999999,0.2083333333333333,0.0,GLU_INV_000227,0.0029205607476635,-2.534533756005123,0.0031249999999999464,-2.5051499783199134,True,significant,ok,nan,6.640586315514952e-15,False
glutamine,inventory_landscape,Glutamine(aq),Glutamine(aq),M_b9e610ff2a36,0.0,101325.0,0.0010303750023012,1.0,0.02,0.0083333333333333,0.0624999999999999,0.4166666666666667,0.0,GLU_INV_000228,0.0059101654846335,-2.2284003587030097,0.006249999999999933,-2.2041199826559295,True,significant,ok,nan,9.658677850166838e-15,False
glutamine,inventory_landscape,Glutamine(aq),Glutamine(aq),M_b9e610ff2a36,0.0,101325.0,0.0009894999966491,1.0,0.02,0.0125,0.0624999999999999,0.625,0.0,GLU_INV_000229,0.0081688223281143,-2.087840549742635,0.00857142857142851,-2.066946789630616,True,significant,ok,nan,1.1427210437258242e-14,False
glutamine,inventory_landscape,Glutamine(aq),Glutamine(aq),M_b9e610ff2a36,0.0,101325.0,0.001055417000316,1.0,0.02,0.0166666666666666,0.0624999999999999,0.8333333333333334,0.0,GLU_INV_000230,0.0081365126002938,-2.0895616986710595,0.008571428571428551,-2.0669467896306144,True,significant,ok,nan,4.2155603601994865e-16,False
glutamine,inventory_landscape,Glutamine(aq),Glutamine(aq),M_b9e610ff2a36,0.0,101325.0,0.0010193750058533,1.0,0.02,0.0208333333333333,0.0624999999999999,1.0416666666666667,0.0,GLU_INV_000231,0.0081044574515983,-2.091276053445172,0.008571428571428496,-2.066946789630617,True,significant,ok,nan,6.718323931095043e-15,False
glutamine,inventory_landscape,Glutamine(aq),Glutamine(aq),M_b9e610ff2a36,0.0,101325.0,0.0010210000036749,1.0,0.02,0.025,0.0624999999999999,1.25,0.0,GLU_INV_000232,0.0080726538849646,-2.092983667493336,0.00857142857142849,-2.0669467896306175,True,significant,ok,nan,6.482836094010328e-15,False
glutamine,inventory_landscape,Glutamine(aq),Glutamine(aq),M_b9e610ff2a36,0.0,101325.0,0.0009805420122575,1.0,0.02,0.0291666666666666,0.0624999999999999,1.4583333333333337,0.0,GLU_INV_000233,0.0080410989501898,-2.094684593616161,0.008571428571428516,-2.066946789630616,True,significant,ok,nan,3.5412072351233462e-15,False
glutamine,inventory_landscape,Glutamine(aq),Glutamine(aq),M_b9e610ff2a36,0.0,101325.0,0.001048082995112,1.0,0.02,0.0333333333333333,0.0624999999999999,1.6666666666666667,0.0,GLU_INV_000234,0.0080097897430192,-2.0963788839962896,0.008571428571428527,-2.0669467896306153,True,significant,ok,nan,2.697438075182268e-15,False
glutamine,inventory_landscape,Glutamine(aq),Glutamine(aq),M_b9e610ff2a36,0.0,101325.0,0.0010167500004172,1.0,0.02,0.0375,0.0624999999999999,1.875,0.0,GLU_INV_000235,0.0079787234042553,-2.0980665902079996,0.008571428571428553,-2.066946789630614,True,significant,ok,nan,3.720428220818343e-15,False
glutamine,inventory_landscape,Glutamine(aq),Glutamine(aq),M_b9e610ff2a36,0.0,101325.0,0.0009888750064419,1.0,0.02,0.0416666666666666,0.0624999999999999,2.083333333333333,0.0,GLU_INV_000236,0.0079478971188872,-2.099747763226637,0.008571428571428478,-2.066946789630618,True,significant,ok,nan,3.911946014575004e-15,False
glutamine,inventory_landscape,Glutamine(aq),Glutamine(aq),M_b9e610ff2a36,0.0,101325.0,0.000988416999462,1.0,0.02,0.0458333333333333,0.0624999999999999,2.291666666666667,0.0,GLU_INV_000237,0.0079173081152408,-2.101422453437822,0.008571428571428553,-2.066946789630614,True,significant,ok,nan,1.4356963678900196e-15,False
glutamine,inventory_landscape,Glutamine(aq),Glutamine(aq),M_b9e610ff2a36,0.0,101325.0,0.0010007500095525,1.0,0.02,0.05,0.0624999999999999,2.5,0.0,GLU_INV_000238,0.0078869536641472,-2.1030907106465624,0.008571428571428548,-2.0669467896306144,True,significant,ok,nan,1.4301920001743717e-15,False
glutamine,inventory_landscape,Glutamine(aq),Glutamine(aq),M_b9e610ff2a36,0.0,101325.0,0.0009822499996516,1.0,0.02,0.0541666666666666,0.0624999999999999,2.708333333333333,0.0,GLU_INV_000239,0.0078568310781318,-2.104752584086093,0.00857142857142855,-2.0669467896306144,True,significant,ok,nan,8.14131244596361e-16,False
glutamine,inventory_landscape,Glutamine(aq),Glutamine(aq),M_b9e610ff2a36,0.0,101325.0,0.0010358330036979,1.0,0.02,0.0583333333333333,0.0624999999999999,2.916666666666667,0.0,GLU_INV_000240,0.0078269377106207,-2.106408122426617,0.008571428571428553,-2.066946789630614,True,significant,ok,nan,8.110336694728829e-16,False
glutamine,inventory_landscape,Glutamine(aq),Glutamine(aq),M_b9e610ff2a36,0.0,101325.0,0.000986750004813,1.0,0.02,0.0625,0.0624999999999999,3.125,0.0,GLU_INV_000241,0.0077972709551656,-2.108057373783859,0.008571428571428483,-2.0669467896306175,True,significant,ok,nan,4.241787774396303e-15,False
glutamine,inventory_landscape,Glutamine(aq),Glutamine(aq),M_b9e610ff2a36,0.0,101325.0,0.0009989999962272,1.0,0.02,0.0666666666666666,0.0624999999999999,3.333333333333333,0.0,GLU_INV_000242,0.0077678282446865,-2.109700385727439,0.00857142857142848,-2.066946789630618,True,significant,ok,nan,2.615953269804013e-15,False
glutamine,inventory_landscape,Glutamine(aq),Glutamine(aq),M_b9e610ff2a36,0.0,101325.0,0.001000499993097,1.0,0.02,0.0708333333333333,0.0624999999999999,3.541666666666667,0.0,GLU_INV_000243,0.0077386070507308,-2.1113372052891273,0.008571428571428504,-2.0669467896306166,True,significant,ok,nan,2.2051721297369815e-15,False
glutamine,inventory_landscape,Glutamine(aq),Glutamine(aq),M_b9e610ff2a36,0.0,101325.0,0.0009995830041589,1.0,0.02,0.075,0.0624999999999999,3.75,0.0,GLU_INV_000244,0.0077096048827497,-2.1129678789709128,0.00857142857142851,-2.066946789630616,True,significant,ok,nan,1.9971888653713052e-15,False
glutamine,inventory_landscape,Glutamine(aq),Glutamine(aq),M_b9e610ff2a36,0.0,101325.0,0.0009544579952489,1.0,0.02,0.0791666666666666,0.0624999999999999,3.9583333333333335,0.0,GLU_INV_000245,0.0076808192873906,-2.114592452752926,0.008571428571428515,-2.066946789630616,True,significant,ok,nan,7.958927592789682e-16,False
glutamine,inventory_landscape,Glutamine(aq),Glutamine(aq),M_b9e610ff2a36,0.0,101325.0,0.0010557909990893,1.0,0.02,0.0833333333333333,0.0624999999999999,4.166666666666667,0.0,GLU_INV_000246,0.0076522478478052,-2.1162109721012263,0.008571428571428478,-2.066946789630618,True,significant,ok,nan,2.3787964902160834e-15,False
glutamine,inventory_landscape,Glutamine(aq),Glutamine(aq),M_b9e610ff2a36,0.0,101325.0,0.0009792499913601,1.0,0.02,0.0875,0.0624999999999999,4.375,0.0,GLU_INV_000247,0.0076238881829733,-2.117823481975422,0.008571428571428553,-2.066946789630614,True,significant,ok,nan,3.949967559022159e-16,False
glutamine,inventory_landscape,Glutamine(aq),Glutamine(aq),M_b9e610ff2a36,0.0,101325.0,0.001029874998494,1.0,0.02,0.0916666666666666,0.0624999999999999,4.583333333333334,0.0,GLU_INV_000248,0.0075957379470408,-2.1194300268361936,0.008571428571428542,-2.066946789630615,True,significant,ok,nan,1.180614842095324e-15,False
glutamine,inventory_landscape,Glutamine(aq),Glutamine(aq),M_b9e610ff2a36,0.0,101325.0,0.0009864580060821,1.0,0.02,0.0958333333333333,0.0624999999999999,4.791666666666667,0.0,GLU_INV_000249,0.0075677948286735,-2.1210306506526164,0.008571428571428539,-2.066946789630615,True,significant,ok,nan,1.1762716090205562e-15,False
glutamine,inventory_landscape,Glutamine(aq),Glutamine(aq),M_b9e610ff2a36,0.0,101325.0,0.0010338329884689,1.0,0.02,0.1,0.0624999999999999,5.0,0.0,GLU_INV_000250,0.0075400565504241,-2.122625396909399,0.008571428571428542,-2.066946789630615,True,significant,ok,nan,9.766335120799363e-16,False
glutamine,inventory_landscape,Glutamine(aq),Glutamine(aq),M_b9e610ff2a36,0.0,101325.0,0.0009615409944672,1.0,0.02,0.0,0.0683333333333333,0.0,0.0,GLU_INV_000251,0.0,,0.0,,False,below_threshold,ok,nan,3.6724069420985244e-15,False
glutamine,inventory_landscape,Glutamine(aq),Glutamine(aq),M_b9e610ff2a36,0.0,101325.0,0.0010325829935027,1.0,0.02,0.0041666666666666,0.0683333333333333,0.2083333333333333,0.0,GLU_INV_000252,0.0029047250193648,-2.5368949745387064,0.003124999999999969,-2.5051499783199103,True,significant,ok,nan,3.715076271402532e-15,False
glutamine,inventory_landscape,Glutamine(aq),Glutamine(aq),M_b9e610ff2a36,0.0,101325.0,0.0009752079931786,1.0,0.02,0.0083333333333333,0.0683333333333333,0.4166666666666667,0.0,GLU_INV_000253,0.0058777429467084,-2.2307894109934483,0.00624999999999994,-2.204119982655929,True,significant,ok,nan,8.561594484570163e-15,False
glutamine,inventory_landscape,Glutamine(aq),Glutamine(aq),M_b9e610ff2a36,0.0,101325.0,0.0010451249981997,1.0,0.02,0.0125,0.0683333333333333,0.625,0.0,GLU_INV_000254,0.0081236601602166,-2.0902482528730557,0.008571428571428548,-2.0669467896306144,True,significant,ok,nan,7.15513247958805e-15,False
glutamine,inventory_landscape,Glutamine(aq),Glutamine(aq),M_b9e610ff2a36,0.0,101325.0,0.0009960829920601,1.0,0.02,0.0166666666666666,0.0683333333333333,0.8333333333333334,0.0,GLU_INV_000255,0.0080917060013486,-2.091959904980758,0.008571428571428556,-2.066946789630614,True,significant,ok,nan,3.1442594089181767e-15,False
glutamine,inventory_landscape,Glutamine(aq),Glutamine(aq),M_b9e610ff2a36,0.0,101325.0,0.0010195420036325,1.0,0.02,0.0208333333333333,0.0683333333333333,1.0416666666666667,0.0,GLU_INV_000256,0.0080600022388895,-2.093664837557537,0.008571428571428565,-2.0669467896306135,True,significant,ok,nan,1.252776008980362e-15,False
glutamine,inventory_landscape,Glutamine(aq),Glutamine(aq),M_b9e610ff2a36,0.0,101325.0,0.0012137080047978,1.0,0.02,0.025,0.0683333333333333,1.25,0.0,GLU_INV_000257,0.0080285459411239,-2.0953631031556537,0.008571428571428482,-2.066946789630618,True,significant,ok,nan,8.943188146623683e-15,False
glutamine,inventory_landscape,Glutamine(aq),Glutamine(aq),M_b9e610ff2a36,0.0,101325.0,0.000985375008895,1.0,0.02,0.0291666666666666,0.0683333333333333,1.4583333333333337,0.0,GLU_INV_000258,0.007997334221926,-2.097054753713248,0.00857142857142855,-2.0669467896306144,True,significant,ok,nan,1.45020801617148e-15,False
glutamine,inventory_landscape,Glutamine(aq),Glutamine(aq),M_b9e610ff2a36,0.0,101325.0,0.0010738330020103,1.0,0.02,0.0333333333333333,0.0683333333333333,1.6666666666666667,0.0,GLU_INV_000259,0.007966364239876,-2.098739840563919,0.008571428571428499,-2.066946789630617,True,significant,ok,nan,4.5401463808525915e-15,False
glutamine,inventory_landscape,Glutamine(aq),Glutamine(aq),M_b9e610ff2a36,0.0,101325.0,0.0010310420038877,1.0,0.02,0.0375,0.0683333333333333,1.875,0.0,GLU_INV_000260,0.0079356331973988,-2.1004184144460147,0.0085714285714285,-2.0669467896306166,True,significant,ok,nan,5.9616516873953e-15,False
glutamine,inventory_landscape,Glutamine(aq),Glutamine(aq),M_b9e610ff2a36,0.0,101325.0,0.0010131669987458,1.0,0.02,0.0416666666666666,0.0683333333333333,2.083333333333333,0.0,GLU_INV_000261,0.0079051383399209,-2.1020905255118394,0.008571428571428525,-2.0669467896306157,True,significant,ok,nan,2.0478422061597073e-15,False
glutamine,inventory_landscape,Glutamine(aq),Glutamine(aq),M_b9e610ff2a36,0.0,101325.0,0.0009836249955696,1.0,0.02,0.0458333333333333,0.0683333333333333,2.291666666666667,0.0,GLU_INV_000262,0.0078748769550475,-2.103756223336632,0.008571428571428499,-2.066946789630617,True,significant,ok,nan,3.6720052788652184e-15,False
glutamine,inventory_landscape,Glutamine(aq),Glutamine(aq),M_b9e610ff2a36,0.0,101325.0,0.0010305000032531,1.0,0.02,0.05,0.0683333333333333,2.5,0.0,GLU_INV_000263,0.0078448463717585,-2.105415556927375,0.008571428571428525,-2.0669467896306157,True,significant,ok,nan,3.861224552847565e-15,False
glutamine,inventory_landscape,Glutamine(aq),Glutamine(aq),M_b9e610ff2a36,0.0,101325.0,0.0009595419978722,1.0,0.02,0.0541666666666666,0.0683333333333333,2.708333333333333,0.0,GLU_INV_000264,0.0078150439596222,-2.107068574731467,0.008571428571428502,-2.0669467896306166,True,significant,ok,nan,1.8220527659103818e-15,False
glutamine,inventory_landscape,Glutamine(aq),Glutamine(aq),M_b9e610ff2a36,0.0,101325.0,0.0010328339994885,1.0,0.02,0.0583333333333333,0.0683333333333333,2.916666666666667,0.0,GLU_INV_000265,0.0077854671280276,-2.10871532464519,0.008571428571428494,-2.066946789630617,True,significant,ok,nan,2.621893475109579e-15,False
glutamine,inventory_landscape,Glutamine(aq),Glutamine(aq),M_b9e610ff2a36,0.0,101325.0,0.0009787500021047,1.0,0.02,0.0625,0.0683333333333333,3.125,0.0,GLU_INV_000266,0.0077561133254335,-2.1103558540220493,0.008571428571428483,-2.0669467896306175,True,significant,ok,nan,4.420321339022486e-15,False
glutamine,inventory_landscape,Glutamine(aq),Glutamine(aq),M_b9e610ff2a36,0.0,101325.0,0.0010233329958282,1.0,0.02,0.0666666666666666,0.0683333333333333,3.333333333333333,0.0,GLU_INV_000267,0.0077269800386349,-2.1119902096809335,0.008571428571428575,-2.066946789630613,True,significant,ok,nan,4.00337986986534e-16,False
glutamine,inventory_landscape,Glutamine(aq),Glutamine(aq),M_b9e610ff2a36,0.0,101325.0,0.000994707996142,1.0,0.02,0.0708333333333333,0.0683333333333333,3.541666666666667,0.0,GLU_INV_000268,0.0076980647920453,-2.1136184379141576,0.008571428571428539,-2.066946789630615,True,significant,ok,nan,7.976797525372659e-16,False
glutamine,inventory_landscape,Glutamine(aq),Glutamine(aq),M_b9e610ff2a36,0.0,101325.0,0.0010322909947717,1.0,0.02,0.075,0.0683333333333333,3.75,0.0,GLU_INV_000269,0.0076693651469961,-2.1152405844952904,0.008571428571428508,-2.0669467896306166,True,significant,ok,nan,2.5827940837040257e-15,False
glutamine,inventory_landscape,Glutamine(aq),Glutamine(aq),M_b9e610ff2a36,0.0,101325.0,0.0009736670035636,1.0,0.02,0.0791666666666666,0.0683333333333333,3.9583333333333335,0.0,GLU_INV_000270,0.0076408787010506,-2.1168566946869,0.008571428571428551,-2.0669467896306144,True,significant,ok,nan,5.938155623592049e-16,False
glutamine,inventory_landscape,Glutamine(aq),Glutamine(aq),M_b9e610ff2a36,0.0,101325.0,0.0010317919950466,1.0,0.02,0.0833333333333333,0.0683333333333333,4.166666666666667,0.0,GLU_INV_000271,0.0076126030873334,-2.1184668132481432,0.008571428571428496,-2.066946789630617,True,significant,ok,nan,2.1692663877218096e-15,False
glutamine,inventory_landscape,Glutamine(aq),Glutamine(aq),M_b9e610ff2a36,0.0,101325.0,0.0010522910015424,1.0,0.02,0.0875,0.0683333333333333,4.375,0.0,GLU_INV_000272,0.0075845359738754,-2.120070984442171,0.008571428571428485,-2.0669467896306175,True,significant,ok,nan,2.750705313302817e-15,False
glutamine,inventory_landscape,Glutamine(aq),Glutamine(aq),M_b9e610ff2a36,0.0,101325.0,0.000981834004051,1.0,0.02,0.0916666666666666,0.0683333333333333,4.583333333333334,0.0,GLU_INV_000273,0.0075566750629722,-2.121669252043458,0.00857142857142848,-2.066946789630618,True,significant,ok,nan,2.5448437088385166e-15,False
glutamine,inventory_landscape,Glutamine(aq),Glutamine(aq),M_b9e610ff2a36,0.0,101325.0,0.0010738749988377,1.0,0.02,0.0958333333333333,0.0683333333333333,4.791666666666667,0.0,GLU_INV_000274,0.0075290180905573,-2.123261659344955,0.008571428571428515,-2.066946789630616,True,significant,ok,nan,1.1702444931738543e-15,False
glutamine,inventory_landscape,Glutamine(aq),Glutamine(aq),M_b9e610ff2a36,0.0,101325.0,0.0010120419901795,1.0,0.02,0.1,0.0683333333333333,5.0,0.0,GLU_INV_000275,0.0075015628255886,-2.124848249165138,0.008571428571428508,-2.0669467896306166,True,significant,ok,nan,1.94329514624949e-15,False
glutamine,inventory_landscape,Glutamine(aq),Glutamine(aq),M_b9e610ff2a36,0.0,101325.0,0.0009921250020852,1.0,0.02,0.0,0.0741666666666666,0.0,0.0,GLU_INV_000276,0.0,,0.0,,False,below_threshold,ok,nan,4.261632935347133e-15,False
glutamine,inventory_landscape,Glutamine(aq),Glutamine(aq),M_b9e610ff2a36,0.0,101325.0,0.0009750419994816,1.0,0.02,0.0041666666666666,0.0741666666666666,0.2083333333333333,0.0,GLU_INV_000277,0.0028890600924499,-2.539243424736635,0.0031249999999999755,-2.5051499783199094,True,significant,ok,nan,1.026400330932348e-15,False
glutamine,inventory_landscape,Glutamine(aq),Glutamine(aq),M_b9e610ff2a36,0.0,101325.0,0.0011065410071751,1.0,0.02,0.0083333333333333,0.0741666666666666,0.4166666666666667,0.0,GLU_INV_000278,0.0058456742010911,-2.2331653929832354,0.006249999999999909,-2.2041199826559312,True,significant,ok,nan,1.2460804017616705e-14,False
glutamine,inventory_landscape,Glutamine(aq),Glutamine(aq),M_b9e610ff2a36,0.0,101325.0,0.0009801249980228,1.0,0.02,0.0125,0.0741666666666666,0.625,0.0,GLU_INV_000279,0.0080789946140035,-2.0926426813983903,0.008571428571428487,-2.0669467896306175,True,significant,ok,nan,1.297585617649867e-14,False
glutamine,inventory_landscape,Glutamine(aq),Glutamine(aq),M_b9e610ff2a36,0.0,101325.0,0.0010312920057913,1.0,0.02,0.0166666666666666,0.0741666666666666,0.8333333333333334,0.0,GLU_INV_000280,0.0080473901866547,-2.0943449409120345,0.008571428571428527,-2.0669467896306153,True,significant,ok,nan,3.1270392556783207e-15,False
glutamine,inventory_landscape,Glutamine(aq),Glutamine(aq),M_b9e610ff2a36,0.0,101325.0,0.0009735000057844,1.0,0.02,0.0208333333333333,0.0741666666666666,1.0416666666666667,0.0,GLU_INV_000281,0.0080160320641282,-2.0960405542954303,0.008571428571428518,-2.0669467896306157,True,significant,ok,nan,7.0603361352247715e-15,False
glutamine,inventory_landscape,Glutamine(aq),Glutamine(aq),M_b9e610ff2a36,0.0,101325.0,0.0010355830017942,1.0,0.02,0.025,0.0741666666666666,1.25,0.0,GLU_INV_000282,0.0079849173782854,-2.097729573243767,0.008571428571428513,-2.066946789630616,True,significant,ok,nan,7.446632863405725e-15,False
glutamine,inventory_landscape,Glutamine(aq),Glutamine(aq),M_b9e610ff2a36,0.0,101325.0,0.0012312499893596,1.0,0.02,0.0291666666666666,0.0741666666666666,1.4583333333333337,0.0,GLU_INV_000283,0.0079540433053468,-2.099412048851427,0.008571428571428492,-2.066946789630617,True,significant,ok,nan,4.945226729218543e-15,False
glutamine,inventory_landscape,Glutamine(aq),Glutamine(aq),M_b9e610ff2a36,0.0,101325.0,0.0009668749989941,1.0,0.02,0.0333333333333333,0.0741666666666666,1.6666666666666667,0.0,GLU_INV_000284,0.0079234070650379,-2.1010880316212535,0.008571428571428506,-2.0669467896306166,True,significant,ok,nan,3.694634561974767e-15,False
glutamine,inventory_landscape,Glutamine(aq),Glutamine(aq),M_b9e610ff2a36,0.0,101325.0,0.0010780830052681,1.0,0.02,0.0375,0.0741666666666666,1.875,0.0,GLU_INV_000285,0.0078930059197544,-2.1027575714736533,0.008571428571428532,-2.0669467896306153,True,significant,ok,nan,3.2715188447625735e-15,False
glutamine,inventory_landscape,Glutamine(aq),Glutamine(aq),M_b9e610ff2a36,0.0,101325.0,0.001017334012431,1.0,0.02,0.0416666666666666,0.0741666666666666,2.083333333333333,0.0,GLU_INV_000286,0.0078628371737468,-2.1044207177555174,0.008571428571428511,-2.066946789630616,True,significant,ok,nan,2.036884002806882e-15,False
glutamine,inventory_landscape,Glutamine(aq),Glutamine(aq),M_b9e610ff2a36,0.0,101325.0,0.0010186669969698,1.0,0.02,0.0458333333333333,0.0741666666666666,2.291666666666667,0.0,GLU_INV_000287,0.0078328981723237,-2.106077519248964,0.008571428571428513,-2.066946789630616,True,significant,ok,nan,2.840779540816325e-15,False
glutamine,inventory_landscape,Glutamine(aq),Glutamine(aq),M_b9e610ff2a36,0.0,101325.0,0.0009654580062488,1.0,0.02,0.05,0.0741666666666666,2.5,0.0,GLU_INV_000288,0.0078031863010729,-2.107728024179932,0.008571428571428535,-2.066946789630615,True,significant,ok,nan,1.8192881903470637e-15,False
glutamine,inventory_landscape,Glutamine(aq),Glutamine(aq),M_b9e610ff2a36,0.0,101325.0,0.0009969999955501,1.0,0.02,0.0541666666666666,0.0741666666666666,2.708333333333333,0.0,GLU_INV_000289,0.0077736989851004,-2.109372280226607,0.00857142857142856,-2.066946789630614,True,significant,ok,nan,6.041377719834581e-16,False
glutamine,inventory_landscape,Glutamine(aq),Glutamine(aq),M_b9e610ff2a36,0.0,101325.0,0.0009571249975124,1.0,0.02,0.0583333333333333,0.0741666666666666,2.916666666666667,0.0,GLU_INV_000290,0.0077444336882865,-2.1110103345276796,0.008571428571428527,-2.0669467896306153,True,significant,ok,nan,1.8055902046178724e-15,False
glutamine,inventory_landscape,Glutamine(aq),Glutamine(aq),M_b9e610ff2a36,0.0,101325.0,0.0010152920003747,1.0,0.02,0.0625,0.0741666666666666,3.125,0.0,GLU_INV_000291,0.0077153879125589,-2.1126422336904485,0.008571428571428534,-2.0669467896306153,True,significant,ok,nan,1.1992121826212574e-15,False
glutamine,inventory_landscape,Glutamine(aq),Glutamine(aq),M_b9e610ff2a36,0.0,101325.0,0.0009755000064615,1.0,0.02,0.0666666666666666,0.0741666666666666,3.333333333333333,0.0,GLU_INV_000292,0.0076865591971816,-2.11426802379879,0.008571428571428575,-2.066946789630613,True,significant,ok,nan,3.9824376670657913e-16,False
glutamine,inventory_landscape,Glutamine(aq),Glutamine(aq),M_b9e610ff2a36,0.0,101325.0,0.0012225410027895,1.0,0.02,0.0708333333333333,0.0741666666666666,3.541666666666667,0.0,GLU_INV_000293,0.0076579451180599,-2.11588775042097,0.008571428571428483,-2.0669467896306175,True,significant,ok,nan,2.3805675575880803e-15,False
glutamine,inventory_landscape,Glutamine(aq),Glutamine(aq),M_b9e610ff2a36,0.0,101325.0,0.0010715840035118,1.0,0.02,0.075,0.0741666666666666,3.75,0.0,GLU_INV_000294,0.0076295432870615,-2.1175014586172756,0.008571428571428506,-2.0669467896306166,True,significant,ok,nan,2.371738494907612e-15,False
glutamine,inventory_landscape,Glutamine(aq),Glutamine(aq),M_b9e610ff2a36,0.0,101325.0,0.0010177090007346,1.0,0.02,0.0791666666666666,0.0741666666666666,3.9583333333333335,0.0,GLU_INV_000295,0.0076013513513513,-2.119109192947579,0.00857142857142852,-2.0669467896306157,True,significant,ok,nan,9.845727836625114e-16,False
glutamine,inventory_landscape,Glutamine(aq),Glutamine(aq),M_b9e610ff2a36,0.0,101325.0,0.0010181670077145,1.0,0.02,0.0833333333333333,0.0741666666666666,4.166666666666667,0.0,GLU_INV_000296,0.0075733669927421,-2.1207109974786995,0.008571428571428478,-2.066946789630618,True,significant,ok,nan,2.1580857783814948e-15,False
glutamine,inventory_landscape,Glutamine(aq),Glutamine(aq),M_b9e610ff2a36,0.0,101325.0,0.00102345799678,1.0,0.02,0.0875,0.0741666666666666,4.375,0.0,GLU_INV_000297,0.0075455879270593,-2.12230691579164,0.008571428571428555,-2.066946789630614,True,significant,ok,nan,7.818799754224534e-16,False
glutamine,inventory_landscape,Glutamine(aq),Glutamine(aq),M_b9e610ff2a36,0.0,101325.0,0.0012814590008929,1.0,0.02,0.0916666666666666,0.0741666666666666,4.583333333333334,0.0,GLU_INV_000298,0.0075180119035188,-2.123896990988735,0.008571428571428525,-2.0669467896306157,True,significant,ok,nan,1.558045050742622e-15,False
glutamine,inventory_landscape,Glutamine(aq),Glutamine(aq),M_b9e610ff2a36,0.0,101325.0,0.000987207997241,1.0,0.02,0.0958333333333333,0.0741666666666666,4.791666666666667,0.0,GLU_INV_000299,0.0074906367041198,-2.125481265700597,0.00857142857142852,-2.0669467896306157,True,significant,ok,nan,1.5523717697630144e-15,False
glutamine,inventory_landscape,Glutamine(aq),Glutamine(aq),M_b9e610ff2a36,0.0,101325.0,0.0010536249901633,1.0,0.02,0.1,0.0741666666666666,5.0,0.0,GLU_INV_000300,0.0074634601430496,-2.127059782093,0.00857142857142852,-2.0669467896306157,True,significant,ok,nan,1.7400821117790349e-15,False
glutamine,inventory_landscape,Glutamine(aq),Glutamine(aq),M_b9e610ff2a36,0.0,101325.0,0.0010015839943662,1.0,0.02,0.0,0.0799999999999999,0.0,0.0,GLU_INV_000301,0.0,,0.0,,False,below_threshold,ok,nan,4.642750830250654e-15,False
glutamine,inventory_landscape,Glutamine(aq),Glutamine(aq),M_b9e610ff2a36,0.0,101325.0,0.0010474580049049,1.0,0.02,0.0041666666666666,0.0799999999999999,0.2083333333333333,0.0,GLU_INV_000302,0.0028735632183908,-2.5415792439465816,0.0031249999999999945,-2.5051499783199067,True,significant,ok,nan,1.6334315764600006e-15,False
glutamine,inventory_landscape,Glutamine(aq),Glutamine(aq),M_b9e610ff2a36,0.0,101325.0,0.0009832919895416,1.0,0.02,0.0083333333333333,0.0799999999999999,0.4166666666666667,0.0,GLU_INV_000303,0.005813953488372,-2.235528446907556,0.006249999999999909,-2.2041199826559312,True,significant,ok,nan,1.3632505976792601e-14,False
glutamine,inventory_landscape,Glutamine(aq),Glutamine(aq),M_b9e610ff2a36,0.0,101325.0,0.0009973749984055,1.0,0.02,0.0125,0.0799999999999999,0.625,0.0,GLU_INV_000304,0.0080348175426849,-2.0950239808925257,0.008571428571428504,-2.0669467896306166,True,significant,ok,nan,9.158317819472327e-15,False
glutamine,inventory_landscape,Glutamine(aq),Glutamine(aq),M_b9e610ff2a36,0.0,101325.0,0.0009575829899404,1.0,0.02,0.0166666666666666,0.0799999999999999,0.8333333333333334,0.0,GLU_INV_000305,0.0080035571365051,-2.096716950332327,0.00857142857142856,-2.066946789630614,True,significant,ok,nan,3.110006694147836e-15,False
glutamine,inventory_landscape,Glutamine(aq),Glutamine(aq),M_b9e610ff2a36,0.0,101325.0,0.0010603749979054,1.0,0.02,0.0208333333333333,0.0799999999999999,1.0416666666666667,0.0,GLU_INV_000306,0.0079725390322223,-2.0984033458463998,0.008571428571428527,-2.0669467896306153,True,significant,ok,nan,3.097953739403602e-15,False
glutamine,inventory_landscape,Glutamine(aq),Glutamine(aq),M_b9e610ff2a36,0.0,101325.0,0.0012261660012882,1.0,0.02,0.025,0.0799999999999999,1.25,0.0,GLU_INV_000307,0.0079417604235605,-2.1000832182914038,0.008571428571428518,-2.0669467896306157,True,significant,ok,nan,6.789186464286194e-15,False
glutamine,inventory_landscape,Glutamine(aq),Glutamine(aq),M_b9e610ff2a36,0.0,101325.0,0.0010137920035049,1.0,0.02,0.0291666666666666,0.0799999999999999,1.4583333333333337,0.0,GLU_INV_000308,0.0079112185474123,-2.1017566179361276,0.008571428571428502,-2.0669467896306166,True,significant,ok,nan,5.123543240770963e-15,False
glutamine,inventory_landscape,Glutamine(aq),Glutamine(aq),M_b9e610ff2a36,0.0,101325.0,0.000990291009657,1.0,0.02,0.0333333333333333,0.0799999999999999,1.6666666666666667,0.0,GLU_INV_000309,0.0078809106830122,-2.1034235944705078,0.008571428571428511,-2.066946789630616,True,significant,ok,nan,5.512228152035582e-15,False
glutamine,inventory_landscape,Glutamine(aq),Glutamine(aq),M_b9e610ff2a36,0.0,101325.0,0.0011471659963717,1.0,0.02,0.0375,0.0799999999999999,1.875,0.0,GLU_INV_000310,0.0078508341511285,-2.105084197014486,0.008571428571428518,-2.0669467896306157,True,significant,ok,nan,3.864171731112742e-15,False
glutamine,inventory_landscape,Glutamine(aq),Glutamine(aq),M_b9e610ff2a36,0.0,101325.0,0.0010231669875793,1.0,0.02,0.0416666666666666,0.0799999999999999,2.083333333333333,0.0,GLU_INV_000311,0.0078209863132739,-2.10673847412669,0.008571428571428518,-2.0669467896306157,True,significant,ok,nan,3.24166792330265e-15,False
glutamine,inventory_landscape,Glutamine(aq),Glutamine(aq),M_b9e610ff2a36,0.0,101325.0,0.0009666659898357,1.0,0.02,0.0458333333333333,0.0799999999999999,2.291666666666667,0.0,GLU_INV_000312,0.0077913645709338,-2.108386473812957,0.008571428571428492,-2.066946789630617,True,significant,ok,nan,4.440411534481737e-15,False
glutamine,inventory_landscape,Glutamine(aq),Glutamine(aq),M_b9e610ff2a36,0.0,101325.0,0.0010332910023862,1.0,0.02,0.05,0.0799999999999999,2.5,0.0,GLU_INV_000313,0.0077619663648124,-2.1100282435346824,0.008571428571428553,-2.066946789630614,True,significant,ok,nan,2.613979178289501e-15,False
glutamine,inventory_landscape,Glutamine(aq),Glutamine(aq),M_b9e610ff2a36,0.0,101325.0,0.0010051670105895,1.0,0.02,0.0541666666666666,0.0799999999999999,2.708333333333333,0.0,GLU_INV_000314,0.0077327891740951,-2.111663830217047,0.008571428571428513,-2.066946789630616,True,significant,ok,nan,2.604153244314618e-15,False
glutamine,inventory_landscape,Glutamine(aq),Glutamine(aq),M_b9e610ff2a36,0.0,101325.0,0.0010072500008391,1.0,0.02,0.0583333333333333,0.0799999999999999,2.916666666666667,0.0,GLU_INV_000315,0.0077038305157286,-2.1132932802570292,0.008571428571428516,-2.066946789630616,True,significant,ok,nan,2.195262304202106e-15,False
glutamine,inventory_landscape,Glutamine(aq),Glutamine(aq),M_b9e610ff2a36,0.0,101325.0,0.001003875004244,1.0,0.02,0.0625,0.0799999999999999,3.125,0.0,GLU_INV_000316,0.007675087943716,-2.1149166395313284,0.00857142857142855,-2.0669467896306144,True,significant,ok,nan,1.7894224637386593e-15,False
glutamine,inventory_landscape,Glutamine(aq),Glutamine(aq),M_b9e610ff2a36,0.0,101325.0,0.0010024160001194,1.0,0.02,0.0666666666666666,0.0799999999999999,3.333333333333333,0.0,GLU_INV_000317,0.0076465590484282,-2.1165339534041103,0.008571428571428561,-2.0669467896306135,True,significant,ok,nan,3.9617134268697186e-16,False
glutamine,inventory_landscape,Glutamine(aq),Glutamine(aq),M_b9e610ff2a36,0.0,101325.0,0.001047167010256,1.0,0.02,0.0708333333333333,0.0799999999999999,3.541666666666667,0.0,GLU_INV_000318,0.0076182414559305,-2.118145266734611,0.008571428571428482,-2.066946789630618,True,significant,ok,nan,2.1708730816921882e-15,False
glutamine,inventory_landscape,Glutamine(aq),Glutamine(aq),M_b9e610ff2a36,0.0,101325.0,0.0009876660042209,1.0,0.02,0.075,0.0799999999999999,3.75,0.0,GLU_INV_000319,0.0075901328273244,-2.1197506238845887,0.008571428571428492,-2.066946789630617,True,significant,ok,nan,3.3426069558606834e-15,False
glutamine,inventory_landscape,Glutamine(aq),Glutamine(aq),M_b9e610ff2a36,0.0,101325.0,0.0010068329866044,1.0,0.02,0.0791666666666666,0.0799999999999999,3.9583333333333335,0.0,GLU_INV_000320,0.0075622308581031,-2.1213500687256786,0.008571428571428532,-2.0669467896306153,True,significant,ok,nan,1.1754067942675737e-15,False
glutamine,inventory_landscape,Glutamine(aq),Glutamine(aq),M_b9e610ff2a36,0.0,101325.0,0.0010934580059256,1.0,0.02,0.0833333333333333,0.0799999999999999,4.166666666666667,0.0,GLU_INV_000321,0.0075345332775219,-2.1229436446465764,0.008571428571428492,-2.066946789630617,True,significant,ok,nan,2.5373870717678315e-15,False
glutamine,inventory_landscape,Glutamine(aq),Glutamine(aq),M_b9e610ff2a36,0.0,101325.0,0.0010221249976893,1.0,0.02,0.0875,0.0799999999999999,4.375,0.0,GLU_INV_000322,0.0075070378479824,-2.124531394560087,0.008571428571428483,-2.0669467896306175,True,significant,ok,nan,2.5281275005539985e-15,False
glutamine,inventory_landscape,Glutamine(aq),Glutamine(aq),M_b9e610ff2a36,0.0,101325.0,0.0010125419939868,1.0,0.02,0.0916666666666666,0.0799999999999999,4.583333333333334,0.0,GLU_INV_000323,0.0074797423644296,-2.1261133609100753,0.008571428571428502,-2.0669467896306166,True,significant,ok,nan,1.7438782601633437e-15,False
glutamine,inventory_landscape,Glutamine(aq),Glutamine(aq),M_b9e610ff2a36,0.0,101325.0,0.0009679579961812,1.0,0.02,0.0958333333333333,0.0799999999999999,4.791666666666667,0.0,GLU_INV_000324,0.0074526446537625,-2.1276895856782696,0.00857142857142852,-2.0669467896306157,True,significant,ok,nan,1.5444982352719277e-15,False
glutamine,inventory_landscape,Glutamine(aq),Glutamine(aq),M_b9e610ff2a36,0.0,101325.0,0.0009819580009207,1.0,0.02,0.1,0.0799999999999999,5.0,0.0,GLU_INV_000325,0.0074257425742574,-2.129260110390944,0.008571428571428546,-2.0669467896306144,True,significant,ok,nan,9.618268777693184e-16,False
glutamine,inventory_landscape,Glutamine(aq),Glutamine(aq),M_b9e610ff2a36,0.0,101325.0,0.0009524579945718,1.0,0.02,0.0,0.0858333333333333,0.0,0.0,GLU_INV_000326,0.0,,0.0,,False,below_threshold,ok,nan,4.6182600572199416e-15,False
glutamine,inventory_landscape,Glutamine(aq),Glutamine(aq),M_b9e610ff2a36,0.0,101325.0,0.0009739579982124,1.0,0.02,0.0041666666666666,0.0858333333333333,0.2083333333333333,0.0,GLU_INV_000327,0.002858231707317,-2.543902567311934,0.003124999999999922,-2.505149978319917,True,significant,ok,nan,9.342120573065335e-15,False
glutamine,inventory_landscape,Glutamine(aq),Glutamine(aq),M_b9e610ff2a36,0.0,101325.0,0.0009952910040738,1.0,0.02,0.0083333333333333,0.0858333333333333,0.4166666666666667,0.0,GLU_INV_000328,0.0057825751734772,-2.237878712692384,0.006249999999999949,-2.204119982655928,True,significant,ok,nan,8.01209522782687e-15,False
glutamine,inventory_landscape,Glutamine(aq),Glutamine(aq),M_b9e610ff2a36,0.0,101325.0,0.0009822920110309,1.0,0.02,0.0125,0.0858333333333333,0.625,0.0,GLU_INV_000329,0.0079911209766925,-2.097392294547798,0.00857142857142851,-2.066946789630616,True,significant,ok,nan,1.0764604154412164e-14,False
glutamine,inventory_landscape,Glutamine(aq),Glutamine(aq),M_b9e610ff2a36,0.0,101325.0,0.0010399159946246,1.0,0.02,0.0166666666666666,0.0858333333333333,0.8333333333333334,0.0,GLU_INV_000330,0.0079601990049751,-2.0990760747645654,0.008571428571428548,-2.0669467896306144,True,significant,ok,nan,6.186317351145148e-16,False
glutamine,inventory_landscape,Glutamine(aq),Glutamine(aq),M_b9e610ff2a36,0.0,101325.0,0.0009830420021899,1.0,0.02,0.0208333333333333,0.0858333333333333,1.0416666666666667,0.0,GLU_INV_000331,0.0079295154185022,-2.100753352089817,0.00857142857142857,-2.066946789630613,True,significant,ok,nan,1.4379099966510836e-15,False
glutamine,inventory_landscape,Glutamine(aq),Glutamine(aq),M_b9e610ff2a36,0.0,101325.0,0.0010265409946441,1.0,0.02,0.025,0.0858333333333333,1.25,0.0,GLU_INV_000332,0.0078990674712013,-2.102424176559728,0.008571428571428558,-2.066946789630614,True,significant,ok,nan,3.683285163430029e-15,False
glutamine,inventory_landscape,Glutamine(aq),Glutamine(aq),M_b9e610ff2a36,0.0,101325.0,0.0011978749971603,1.0,0.02,0.0291666666666666,0.0858333333333333,1.4583333333333337,0.0,GLU_INV_000333,0.0078688524590163,-2.104088597635185,0.008571428571428478,-2.066946789630618,True,significant,ok,nan,6.72685950658127e-15,False
glutamine,inventory_landscape,Glutamine(aq),Glutamine(aq),M_b9e610ff2a36,0.0,101325.0,0.0010602910042507,1.0,0.02,0.0333333333333333,0.0858333333333333,1.6666666666666667,0.0,GLU_INV_000334,0.0078388677191072,-2.1057466642105607,0.008571428571428534,-2.0669467896306153,True,significant,ok,nan,2.0306746667068716e-15,False
glutamine,inventory_landscape,Glutamine(aq),Glutamine(aq),M_b9e610ff2a36,0.0,101325.0,0.00108541600639,1.0,0.02,0.0375,0.0858333333333333,1.875,0.0,GLU_INV_000335,0.0078091106290672,-2.1073984246223634,0.00857142857142853,-2.0669467896306153,True,significant,ok,nan,4.652821873266378e-15,False
glutamine,inventory_landscape,Glutamine(aq),Glutamine(aq),M_b9e610ff2a36,0.0,101325.0,0.000993333000224,1.0,0.02,0.0416666666666666,0.0858333333333333,2.083333333333333,0.0,GLU_INV_000336,0.0077795786061588,-2.109043926657656,0.00857142857142854,-2.066946789630615,True,significant,ok,nan,1.813784130992151e-15,False
glutamine,inventory_landscape,Glutamine(aq),Glutamine(aq),M_b9e610ff2a36,0.0,101325.0,0.0010199999960605,1.0,0.02,0.0458333333333333,0.0858333333333333,2.291666666666667,0.0,GLU_INV_000337,0.0077502691065662,-2.1106832175623733,0.008571428571428574,-2.066946789630613,True,significant,ok,nan,1.2046338092811167e-15,False
glutamine,inventory_landscape,Glutamine(aq),Glutamine(aq),M_b9e610ff2a36,0.0,101325.0,0.0010922090004896,1.0,0.02,0.05,0.0858333333333333,2.5,0.0,GLU_INV_000338,0.0077211796246648,-2.1123163440494612,0.008571428571428496,-2.066946789630617,True,significant,ok,nan,4.400412116905708e-15,False
glutamine,inventory_landscape,Glutamine(aq),Glutamine(aq),M_b9e610ff2a36,0.0,101325.0,0.0009995839936891,1.0,0.02,0.0541666666666666,0.0858333333333333,2.708333333333333,0.0,GLU_INV_000339,0.0076923076923076,-2.113943352306842,0.008571428571428478,-2.066946789630618,True,significant,ok,nan,3.586874387250502e-15,False
glutamine,inventory_landscape,Glutamine(aq),Glutamine(aq),M_b9e610ff2a36,0.0,101325.0,0.0010014999861596,1.0,0.02,0.0583333333333333,0.0858333333333333,2.916666666666667,0.0,GLU_INV_000340,0.0076636508781266,-2.1155642880052796,0.00857142857142851,-2.066946789630616,True,significant,ok,nan,3.176455018831738e-15,False
glutamine,inventory_landscape,Glutamine(aq),Glutamine(aq),M_b9e610ff2a36,0.0,101325.0,0.0009804159926716,1.0,0.02,0.0625,0.0858333333333333,3.125,0.0,GLU_INV_000341,0.0076352067868504,-2.1171791963060644,0.008571428571428496,-2.066946789630617,True,significant,ok,nan,4.153623362542468e-15,False
glutamine,inventory_landscape,Glutamine(aq),Glutamine(aq),M_b9e610ff2a36,0.0,101325.0,0.0010640410037012,1.0,0.02,0.0666666666666666,0.0858333333333333,3.333333333333333,0.0,GLU_INV_000342,0.007606973058637,-2.118788121868552,0.008571428571428489,-2.0669467896306175,True,significant,ok,nan,2.167662070266547e-15,False
glutamine,inventory_landscape,Glutamine(aq),Glutamine(aq),M_b9e610ff2a36,0.0,101325.0,0.0009890000073937,1.0,0.02,0.0708333333333333,0.0858333333333333,3.541666666666667,0.0,GLU_INV_000343,0.007578947368421,-2.120391108857582,0.008571428571428518,-2.0669467896306157,True,significant,ok,nan,2.35601012383612e-15,False
glutamine,inventory_landscape,Glutamine(aq),Glutamine(aq),M_b9e610ff2a36,0.0,101325.0,0.0009918329888023,1.0,0.02,0.075,0.0858333333333333,3.75,0.0,GLU_INV_000344,0.0075511274252753,-2.121988200950756,0.00857142857142857,-2.066946789630613,True,significant,ok,nan,5.868404870593381e-16,False
glutamine,inventory_landscape,Glutamine(aq),Glutamine(aq),M_b9e610ff2a36,0.0,101325.0,0.0010607079893816,1.0,0.02,0.0791666666666666,0.0858333333333333,3.9583333333333335,0.0,GLU_INV_000345,0.0075235109717868,-2.123579441345577,0.008571428571428535,-2.066946789630615,True,significant,ok,nan,1.1693885149656817e-15,False
glutamine,inventory_landscape,Glutamine(aq),Glutamine(aq),M_b9e610ff2a36,0.0,101325.0,0.0009806659945752,1.0,0.02,0.0833333333333333,0.0858333333333333,4.166666666666667,0.0,GLU_INV_000346,0.0074960957834461,-2.125164872766445,0.008571428571428551,-2.0669467896306144,True,significant,ok,nan,1.3593152284843139e-15,False
glutamine,inventory_landscape,Glutamine(aq),Glutamine(aq),M_b9e610ff2a36,0.0,101325.0,0.0010191250039497,1.0,0.02,0.0875,0.0858333333333333,4.375,0.0,GLU_INV_000347,0.0074688796680497,-2.1267445374715677,0.008571428571428478,-2.066946789630618,True,significant,ok,nan,2.5152770599391475e-15,False
glutamine,inventory_landscape,Glutamine(aq),Glutamine(aq),M_b9e610ff2a36,0.0,101325.0,0.0009613330039428,1.0,0.02,0.0916666666666666,0.0858333333333333,4.583333333333334,0.0,GLU_INV_000348,0.0074418604651162,-2.1283184772596853,0.008571428571428487,-2.0669467896306175,True,significant,ok,nan,2.1206120408344058e-15,False
glutamine,inventory_landscape,Glutamine(aq),Glutamine(aq),M_b9e610ff2a36,0.0,101325.0,0.0010255410015815,1.0,0.02,0.0958333333333333,0.0858333333333333,4.791666666666667,0.0,GLU_INV_000349,0.0074150360453141,-2.129886733476737,0.008571428571428563,-2.0669467896306135,True,significant,ok,nan,7.683520829537641e-16,False
glutamine,inventory_landscape,Glutamine(aq),Glutamine(aq),M_b9e610ff2a36,0.0,101325.0,0.0011995410022791,1.0,0.02,0.1,0.0858333333333333,5.0,0.0,GLU_INV_000350,0.0073884043099025,-2.1314493470223725,0.008571428571428558,-2.066946789630614,True,significant,ok,nan,3.8279624040436375e-16,False
glutamine,inventory_landscape,Glutamine(aq),Glutamine(aq),M_b9e610ff2a36,0.0,101325.0,0.000966250008787,1.0,0.02,0.0,0.0916666666666666,0.0,0.0,GLU_INV_000351,0.0,,0.0,,False,below_threshold,ok,nan,1.3981819200676632e-15,False
glutamine,inventory_landscape,Glutamine(aq),Glutamine(aq),M_b9e610ff2a36,0.0,101325.0,0.0010076250036945,1.0,0.02,0.0041666666666666,0.0916666666666666,0.2083333333333333,0.0,GLU_INV_000352,0.0028430629264594,-2.546213527818652,0.0031249999999999594,-2.5051499783199116,True,significant,ok,nan,5.858341358143354e-15,False
glutamine,inventory_landscape,Glutamine(aq),Glutamine(aq),M_b9e610ff2a36,0.0,101325.0,0.0009727500000735,1.0,0.02,0.0083333333333333,0.0916666666666666,0.4166666666666667,0.0,GLU_INV_000353,0.0057515337423312,-2.240216328004208,0.00624999999999991,-2.2041199826559312,True,significant,ok,nan,1.103411840425001e-14,False
glutamine,inventory_landscape,Glutamine(aq),Glutamine(aq),M_b9e610ff2a36,0.0,101325.0,0.0010675840021576,1.0,0.02,0.0125,0.0916666666666666,0.625,0.0,GLU_INV_000354,0.0079478971188872,-2.099747763226637,0.008571428571428483,-2.0669467896306175,True,significant,ok,nan,1.1529946148221057e-14,False
glutamine,inventory_landscape,Glutamine(aq),Glutamine(aq),M_b9e610ff2a36,0.0,101325.0,0.0010259589907946,1.0,0.02,0.0166666666666666,0.0916666666666666,0.8333333333333334,0.0,GLU_INV_000355,0.0079173081152408,-2.101422453437822,0.008571428571428555,-2.066946789630614,True,significant,ok,nan,6.152984433814368e-16,False
glutamine,inventory_landscape,Glutamine(aq),Glutamine(aq),M_b9e610ff2a36,0.0,101325.0,0.000973290996626,1.0,0.02,0.0208333333333333,0.0916666666666666,1.0416666666666667,0.0,GLU_INV_000356,0.0078869536641472,-2.1030907106465624,0.00857142857142855,-2.0669467896306144,True,significant,ok,nan,1.6345051430564243e-15,False
glutamine,inventory_landscape,Glutamine(aq),Glutamine(aq),M_b9e610ff2a36,0.0,101325.0,0.0010254999942844,1.0,0.02,0.025,0.0916666666666666,1.25,0.0,GLU_INV_000357,0.0078568310781318,-2.104752584086093,0.00857142857142855,-2.0669467896306144,True,significant,ok,nan,4.477721845279986e-15,False
glutamine,inventory_landscape,Glutamine(aq),Glutamine(aq),M_b9e610ff2a36,0.0,101325.0,0.0009717500070109,1.0,0.02,0.0291666666666666,0.0916666666666666,1.4583333333333337,0.0,GLU_INV_000358,0.0078269377106207,-2.106408122426617,0.008571428571428551,-2.0669467896306144,True,significant,ok,nan,1.6220673389457661e-15,False
glutamine,inventory_landscape,Glutamine(aq),Glutamine(aq),M_b9e610ff2a36,0.0,101325.0,0.0010239590046694,1.0,0.02,0.0333333333333333,0.0916666666666666,1.6666666666666667,0.0,GLU_INV_000359,0.0077972709551656,-2.108057373783859,0.008571428571428476,-2.066946789630618,True,significant,ok,nan,6.463676608603895e-15,False
glutamine,inventory_landscape,Glutamine(aq),Glutamine(aq),M_b9e610ff2a36,0.0,101325.0,0.0010622910049278,1.0,0.02,0.0375,0.0916666666666666,1.875,0.0,GLU_INV_000360,0.0077678282446865,-2.109700385727439,0.00857142857142848,-2.066946789630618,True,significant,ok,nan,5.835588063408952e-15,False
glutamine,inventory_landscape,Glutamine(aq),Glutamine(aq),M_b9e610ff2a36,0.0,101325.0,0.0009772500052349,1.0,0.02,0.0416666666666666,0.0916666666666666,2.083333333333333,0.0,GLU_INV_000361,0.0077386070507308,-2.1113372052891273,0.008571428571428499,-2.066946789630617,True,significant,ok,nan,4.2098740658615126e-15,False
glutamine,inventory_landscape,Glutamine(aq),Glutamine(aq),M_b9e610ff2a36,0.0,101325.0,0.0010912080033449,1.0,0.02,0.0458333333333333,0.0916666666666666,2.291666666666667,0.0,GLU_INV_000362,0.0077096048827497,-2.1129678789709128,0.008571428571428511,-2.066946789630616,True,significant,ok,nan,3.99437773074261e-15,False
glutamine,inventory_landscape,Glutamine(aq),Glutamine(aq),M_b9e610ff2a36,0.0,101325.0,0.0011809580028057,1.0,0.02,0.05,0.0916666666666666,2.5,0.0,GLU_INV_000363,0.0076808192873906,-2.114592452752926,0.008571428571428515,-2.066946789630616,True,significant,ok,nan,3.382544226935615e-15,False
glutamine,inventory_landscape,Glutamine(aq),Glutamine(aq),M_b9e610ff2a36,0.0,101325.0,0.0010034580045612,1.0,0.02,0.0541666666666666,0.0916666666666666,2.708333333333333,0.0,GLU_INV_000364,0.0076522478478052,-2.1162109721012263,0.008571428571428478,-2.066946789630618,True,significant,ok,nan,3.3699616944727847e-15,False
glutamine,inventory_landscape,Glutamine(aq),Glutamine(aq),M_b9e610ff2a36,0.0,101325.0,0.000991958004306,1.0,0.02,0.0583333333333333,0.0916666666666666,2.916666666666667,0.0,GLU_INV_000365,0.0076238881829733,-2.117823481975422,0.008571428571428555,-2.066946789630614,True,significant,ok,nan,1.5799870236088627e-15,False
glutamine,inventory_landscape,Glutamine(aq),Glutamine(aq),M_b9e610ff2a36,0.0,101325.0,0.0009665830002631,1.0,0.02,0.0625,0.0916666666666666,3.125,0.0,GLU_INV_000366,0.0075957379470408,-2.1194300268361936,0.008571428571428544,-2.0669467896306144,True,significant,ok,nan,1.7709222631429855e-15,False
glutamine,inventory_landscape,Glutamine(aq),Glutamine(aq),M_b9e610ff2a36,0.0,101325.0,0.00098979199538,1.0,0.02,0.0666666666666666,0.0916666666666666,3.333333333333333,0.0,GLU_INV_000367,0.0075677948286735,-2.1210306506526164,0.008571428571428539,-2.066946789630615,True,significant,ok,nan,7.841810726803707e-16,False
glutamine,inventory_landscape,Glutamine(aq),Glutamine(aq),M_b9e610ff2a36,0.0,101325.0,0.0012215000024298,1.0,0.02,0.0708333333333333,0.0916666666666666,3.541666666666667,0.0,GLU_INV_000368,0.0075400565504241,-2.122625396909399,0.008571428571428542,-2.066946789630615,True,significant,ok,nan,7.81306809663949e-16,False
glutamine,inventory_landscape,Glutamine(aq),Glutamine(aq),M_b9e610ff2a36,0.0,101325.0,0.0011671669926727,1.0,0.02,0.075,0.0916666666666666,3.75,0.0,GLU_INV_000369,0.0075125208681135,-2.124214308613969,0.008571428571428548,-2.0669467896306144,True,significant,ok,nan,2.1407472344608605e-15,False
glutamine,inventory_landscape,Glutamine(aq),Glutamine(aq),M_b9e610ff2a36,0.0,101325.0,0.0010278329864377,1.0,0.02,0.0791666666666666,0.0916666666666666,3.9583333333333335,0.0,GLU_INV_000370,0.0074851855702255,-2.125797428303437,0.00857142857142847,-2.0669467896306184,True,significant,ok,nan,1.9390525848531667e-15,False
glutamine,inventory_landscape,Glutamine(aq),Glutamine(aq),M_b9e610ff2a36,0.0,101325.0,0.0009813329961616,1.0,0.02,0.0833333333333333,0.0916666666666666,4.166666666666667,0.0,GLU_INV_000371,0.0074580484773151,-2.127374798051405,0.00857142857142857,-2.066946789630613,True,significant,ok,nan,1.9320226656000234e-16,False
glutamine,inventory_landscape,Glutamine(aq),Glutamine(aq),M_b9e610ff2a36,0.0,101325.0,0.0010180419922107,1.0,0.02,0.0875,0.0916666666666666,4.375,0.0,GLU_INV_000372,0.0074311074414284,-2.128946459474724,0.008571428571428548,-2.0669467896306144,True,significant,ok,nan,1.3475304747230711e-15,False
glutamine,inventory_landscape,Glutamine(aq),Glutamine(aq),M_b9e610ff2a36,0.0,101325.0,0.0010409170063212,1.0,0.02,0.0916666666666666,0.0916666666666666,4.583333333333334,0.0,GLU_INV_000373,0.0074043603455368,-2.1305124537400304,0.008571428571428555,-2.066946789630614,True,significant,ok,nan,1.1508687873531034e-15,False
glutamine,inventory_landscape,Glutamine(aq),Glutamine(aq),M_b9e610ff2a36,0.0,101325.0,0.0009920839947881,1.0,0.02,0.0958333333333333,0.0916666666666666,4.791666666666667,0.0,GLU_INV_000374,0.0073778051029818,-2.1320728215702514,0.008571428571428506,-2.0669467896306166,True,significant,ok,nan,1.5289883646851206e-15,False
glutamine,inventory_landscape,Glutamine(aq),Glutamine(aq),M_b9e610ff2a36,0.0,101325.0,0.0010607920121401,1.0,0.02,0.1,0.0916666666666666,5.0,0.0,GLU_INV_000375,0.0073514396569328,-2.1336276032509316,0.008571428571428555,-2.066946789630614,True,significant,ok,nan,1.1426432599776983e-15,False
glutamine,inventory_landscape,Glutamine(aq),Glutamine(aq),M_b9e610ff2a36,0.0,101325.0,0.0009687919955467,1.0,0.02,0.0,0.0974999999999999,0.0,0.0,GLU_INV_000376,0.0,,0.0,,False,below_threshold,ok,nan,4.371347926935737e-15,False
glutamine,inventory_landscape,Glutamine(aq),Glutamine(aq),M_b9e610ff2a36,0.0,101325.0,0.0010622499976307,1.0,0.02,0.0041666666666666,0.0974999999999999,0.2083333333333333,0.0,GLU_INV_000377,0.0028280542986425,-2.5485122563410405,0.0031249999999999637,-2.505149978319911,True,significant,ok,nan,4.621742907941827e-15,False
glutamine,inventory_landscape,Glutamine(aq),Glutamine(aq),M_b9e610ff2a36,0.0,101325.0,0.0010599579982226,1.0,0.02,0.0083333333333333,0.0974999999999999,0.4166666666666667,0.0,GLU_INV_000378,0.005720823798627,-2.2425414282983844,0.006249999999999997,-2.204119982655925,True,significant,ok,nan,1.6259559170711678e-15,False
glutamine,inventory_landscape,Glutamine(aq),Glutamine(aq),M_b9e610ff2a36,0.0,101325.0,0.0009929170046234,1.0,0.02,0.0125,0.0974999999999999,0.625,0.0,GLU_INV_000379,0.0079051383399209,-2.1020905255118394,0.008571428571428522,-2.0669467896306157,True,significant,ok,nan,6.757879280327037e-15,False
glutamine,inventory_landscape,Glutamine(aq),Glutamine(aq),M_b9e610ff2a36,0.0,101325.0,0.001064458003384,1.0,0.02,0.0166666666666666,0.0974999999999999,0.8333333333333334,0.0,GLU_INV_000380,0.0078748769550475,-2.103756223336632,0.008571428571428494,-2.066946789630617,True,significant,ok,nan,5.508007918297831e-15,False
glutamine,inventory_landscape,Glutamine(aq),Glutamine(aq),M_b9e610ff2a36,0.0,101325.0,0.001044249991537,1.0,0.02,0.0208333333333333,0.0974999999999999,1.0416666666666667,0.0,GLU_INV_000381,0.0078448463717585,-2.105415556927375,0.008571428571428515,-2.066946789630616,True,significant,ok,nan,5.690225656827997e-15,False
glutamine,inventory_landscape,Glutamine(aq),Glutamine(aq),M_b9e610ff2a36,0.0,101325.0,0.000979250005912,1.0,0.02,0.025,0.0974999999999999,1.25,0.0,GLU_INV_000382,0.0078150439596222,-2.107068574731467,0.008571428571428499,-2.066946789630617,True,significant,ok,nan,7.490661370964905e-15,False
glutamine,inventory_landscape,Glutamine(aq),Glutamine(aq),M_b9e610ff2a36,0.0,101325.0,0.0009937499999068,1.0,0.02,0.0291666666666666,0.0974999999999999,1.4583333333333337,0.0,GLU_INV_000383,0.0077854671280276,-2.10871532464519,0.008571428571428487,-2.0669467896306175,True,significant,ok,nan,4.840418723279226e-15,False
glutamine,inventory_landscape,Glutamine(aq),Glutamine(aq),M_b9e610ff2a36,0.0,101325.0,0.0009795000078156,1.0,0.02,0.0333333333333333,0.0974999999999999,1.6666666666666667,0.0,GLU_INV_000384,0.0077561133254335,-2.1103558540220493,0.00857142857142848,-2.066946789630618,True,significant,ok,nan,6.630482008533732e-15,False
glutamine,inventory_landscape,Glutamine(aq),Glutamine(aq),M_b9e610ff2a36,0.0,101325.0,0.001020708004944,1.0,0.02,0.0375,0.0974999999999999,1.875,0.0,GLU_INV_000385,0.0077269800386349,-2.1119902096809335,0.008571428571428568,-2.0669467896306135,True,significant,ok,nan,3.0025349023990075e-15,False
glutamine,inventory_landscape,Glutamine(aq),Glutamine(aq),M_b9e610ff2a36,0.0,101325.0,0.0010502079967409,1.0,0.02,0.0416666666666666,0.0974999999999999,2.083333333333333,0.0,GLU_INV_000386,0.0076980647920453,-2.1136184379141576,0.008571428571428534,-2.0669467896306153,True,significant,ok,nan,1.3959395669402163e-15,False
glutamine,inventory_landscape,Glutamine(aq),Glutamine(aq),M_b9e610ff2a36,0.0,101325.0,0.0009747910080477,1.0,0.02,0.0458333333333333,0.0974999999999999,2.291666666666667,0.0,GLU_INV_000387,0.0076693651469961,-2.1152405844952904,0.008571428571428506,-2.0669467896306166,True,significant,ok,nan,2.582794083704026e-15,False
glutamine,inventory_landscape,Glutamine(aq),Glutamine(aq),M_b9e610ff2a36,0.0,101325.0,0.0010703750012908,1.0,0.02,0.05,0.0974999999999999,2.5,0.0,GLU_INV_000388,0.0076408787010506,-2.1168566946869,0.008571428571428551,-2.0669467896306144,True,significant,ok,nan,7.917540831456065e-16,False
glutamine,inventory_landscape,Glutamine(aq),Glutamine(aq),M_b9e610ff2a36,0.0,101325.0,0.0010318749991711,1.0,0.02,0.0541666666666666,0.0974999999999999,2.708333333333333,0.0,GLU_INV_000389,0.0076126030873334,-2.1184668132481432,0.008571428571428494,-2.066946789630617,True,significant,ok,nan,3.549708634453871e-15,False
glutamine,inventory_landscape,Glutamine(aq),Glutamine(aq),M_b9e610ff2a36,0.0,101325.0,0.0009796250087674,1.0,0.02,0.0583333333333333,0.0974999999999999,2.916666666666667,0.0,GLU_INV_000390,0.0075845359738754,-2.120070984442171,0.008571428571428482,-2.066946789630618,True,significant,ok,nan,4.51901587185463e-15,False
glutamine,inventory_landscape,Glutamine(aq),Glutamine(aq),M_b9e610ff2a36,0.0,101325.0,0.0010751670051831,1.0,0.02,0.0625,0.0974999999999999,3.125,0.0,GLU_INV_000391,0.0075566750629722,-2.121669252043458,0.008571428571428476,-2.066946789630618,True,significant,ok,nan,4.502415792560454e-15,False
glutamine,inventory_landscape,Glutamine(aq),Glutamine(aq),M_b9e610ff2a36,0.0,101325.0,0.0011806669936049,1.0,0.02,0.0666666666666666,0.0974999999999999,3.333333333333333,0.0,GLU_INV_000392,0.0075290180905573,-2.123261659344955,0.008571428571428513,-2.066946789630616,True,significant,ok,nan,1.9504074886230908e-15,False
glutamine,inventory_landscape,Glutamine(aq),Glutamine(aq),M_b9e610ff2a36,0.0,101325.0,0.0010660419939085,1.0,0.02,0.0708333333333333,0.0974999999999999,3.541666666666667,0.0,GLU_INV_000393,0.0075015628255886,-2.124848249165138,0.008571428571428502,-2.0669467896306166,True,significant,ok,nan,2.3319541754993896e-15,False
glutamine,inventory_landscape,Glutamine(aq),Glutamine(aq),M_b9e610ff2a36,0.0,101325.0,0.0010651250049704,1.0,0.02,0.075,0.0974999999999999,3.75,0.0,GLU_INV_000394,0.0074743070694487,-2.1264290638549004,0.008571428571428499,-2.066946789630617,True,significant,ok,nan,3.872468974089611e-15,False
glutamine,inventory_landscape,Glutamine(aq),Glutamine(aq),M_b9e610ff2a36,0.0,101325.0,0.0009959590097423,1.0,0.02,0.0791666666666666,0.0974999999999999,3.9583333333333335,0.0,GLU_INV_000395,0.0074472486553578,-2.1280041453043492,0.008571428571428485,-2.0669467896306175,True,significant,ok,nan,1.5433799597602494e-15,False
glutamine,inventory_landscape,Glutamine(aq),Glutamine(aq),M_b9e610ff2a36,0.0,101325.0,0.0010373330005677,1.0,0.02,0.0833333333333333,0.0974999999999999,4.166666666666667,0.0,GLU_INV_000396,0.0074203854477996,-2.1295735349494556,0.008571428571428518,-2.0669467896306157,True,significant,ok,nan,2.306719177207374e-15,False
glutamine,inventory_landscape,Glutamine(aq),Glutamine(aq),M_b9e610ff2a36,0.0,101325.0,0.0010194580099778,1.0,0.02,0.0875,0.0974999999999999,4.375,0.0,GLU_INV_000397,0.0073937153419593,-2.131137273778609,0.008571428571428534,-2.0669467896306153,True,significant,ok,nan,7.661428142823012e-16,False
glutamine,inventory_landscape,Glutamine(aq),Glutamine(aq),M_b9e610ff2a36,0.0,101325.0,0.000967333005974,1.0,0.02,0.0916666666666666,0.0974999999999999,4.583333333333334,0.0,GLU_INV_000398,0.007367236263174,-2.132695402339029,0.008571428571428516,-2.066946789630616,True,significant,ok,nan,9.542487881767432e-16,False
glutamine,inventory_landscape,Glutamine(aq),Glutamine(aq),M_b9e610ff2a36,0.0,101325.0,0.0011265409993939,1.0,0.02,0.0958333333333333,0.0974999999999999,4.791666666666667,0.0,GLU_INV_000399,0.0073409461663947,-2.134247960743076,0.008571428571428485,-2.0669467896306175,True,significant,ok,nan,1.7115183658577034e-15,False
glutamine,inventory_landscape,Glutamine(aq),Glutamine(aq),M_b9e610ff2a36,0.0,101325.0,0.0010253750078845,1.0,0.02,0.1,0.0974999999999999,5.0,0.0,GLU_INV_000400,0.0073148430356598,-2.135794988674445,0.008571428571428506,-2.0669467896306166,True,significant,ok,nan,1.7054325035387948e-15,False
glutamine,inventory_landscape,Glutamine(aq),Glutamine(aq),M_b9e610ff2a36,0.0,101325.0,0.0009614169975975,1.0,0.02,0.0,0.1033333333333333,0.0,0.0,GLU_INV_000401,0.0,,0.0,,False,below_threshold,ok,nan,1.383660742856278e-15,False
glutamine,inventory_landscape,Glutamine(aq),Glutamine(aq),M_b9e610ff2a36,0.0,101325.0,0.0010531669977353,1.0,0.02,0.0041666666666666,0.1033333333333333,0.2083333333333333,0.0,GLU_INV_000402,0.0028132033008252,-2.5507988816861413,0.0031249999999999932,-2.5051499783199067,True,significant,ok,nan,3.997802339235372e-15,False
glutamine,inventory_landscape,Glutamine(aq),Glutamine(aq),M_b9e610ff2a36,0.0,101325.0,0.0010614579950924,1.0,0.02,0.0083333333333333,0.1033333333333333,0.4166666666666667,0.0,GLU_INV_000403,0.005690440060698,-2.244854146866293,0.006249999999999974,-2.2041199826559263,True,significant,ok,nan,2.830310593885071e-15,False
glutamine,inventory_landscape,Glutamine(aq),Glutamine(aq),M_b9e610ff2a36,0.0,101325.0,0.0009883749880827,1.0,0.02,0.0125,0.1033333333333333,0.625,0.0,GLU_INV_000404,0.0078628371737468,-2.1044207177555174,0.008571428571428511,-2.066946789630616,True,significant,ok,nan,9.980731613753722e-15,False
glutamine,inventory_landscape,Glutamine(aq),Glutamine(aq),M_b9e610ff2a36,0.0,101325.0,0.0010593329934636,1.0,0.02,0.0166666666666666,0.1033333333333333,0.8333333333333334,0.0,GLU_INV_000405,0.0078328981723237,-2.106077519248964,0.008571428571428513,-2.066946789630616,True,significant,ok,nan,6.087384730320696e-15,False
glutamine,inventory_landscape,Glutamine(aq),Glutamine(aq),M_b9e610ff2a36,0.0,101325.0,0.0009949170053005,1.0,0.02,0.0208333333333333,0.1033333333333333,1.0416666666666667,0.0,GLU_INV_000406,0.0078031863010729,-2.107728024179932,0.008571428571428532,-2.0669467896306153,True,significant,ok,nan,4.447148909737268e-15,False
glutamine,inventory_landscape,Glutamine(aq),Glutamine(aq),M_b9e610ff2a36,0.0,101325.0,0.0010937499901046,1.0,0.02,0.025,0.1033333333333333,1.25,0.0,GLU_INV_000407,0.0077736989851004,-2.109372280226607,0.00857142857142856,-2.066946789630614,True,significant,ok,nan,3.6248266319007485e-15,False
glutamine,inventory_landscape,Glutamine(aq),Glutamine(aq),M_b9e610ff2a36,0.0,101325.0,0.0010027920070569,1.0,0.02,0.0291666666666666,0.1033333333333333,1.4583333333333337,0.0,GLU_INV_000408,0.0077444336882865,-2.1110103345276796,0.008571428571428532,-2.0669467896306153,True,significant,ok,nan,3.4105592753893128e-15,False
glutamine,inventory_landscape,Glutamine(aq),Glutamine(aq),M_b9e610ff2a36,0.0,101325.0,0.000974499998847,1.0,0.02,0.0333333333333333,0.1033333333333333,1.6666666666666667,0.0,GLU_INV_000409,0.0077153879125589,-2.1126422336904485,0.008571428571428535,-2.066946789630615,True,significant,ok,nan,3.3977678507602284e-15,False
glutamine,inventory_landscape,Glutamine(aq),Glutamine(aq),M_b9e610ff2a36,0.0,101325.0,0.0010106249974342,1.0,0.02,0.0375,0.1033333333333333,1.875,0.0,GLU_INV_000410,0.0076865591971815,-2.114268023798796,0.008571428571428478,-2.066946789630618,True,significant,ok,nan,6.5710221506585455e-15,False
glutamine,inventory_landscape,Glutamine(aq),Glutamine(aq),M_b9e610ff2a36,0.0,101325.0,0.0010490830027265,1.0,0.02,0.0416666666666666,0.1033333333333333,2.083333333333333,0.0,GLU_INV_000411,0.0076579451180599,-2.11588775042097,0.008571428571428485,-2.0669467896306175,True,significant,ok,nan,4.364373855578146e-15,False
glutamine,inventory_landscape,Glutamine(aq),Glutamine(aq),M_b9e610ff2a36,0.0,101325.0,0.0009787500021047,1.0,0.02,0.0458333333333333,0.1033333333333333,2.291666666666667,0.0,GLU_INV_000412,0.0076295432870615,-2.1175014586172756,0.008571428571428506,-2.0669467896306166,True,significant,ok,nan,3.1623179932101496e-15,False
glutamine,inventory_landscape,Glutamine(aq),Glutamine(aq),M_b9e610ff2a36,0.0,101325.0,0.0010219999967375,1.0,0.02,0.05,0.1033333333333333,2.5,0.0,GLU_INV_000413,0.0076013513513513,-2.119109192947579,0.008571428571428516,-2.066946789630616,True,significant,ok,nan,4.135205691382549e-15,False
glutamine,inventory_landscape,Glutamine(aq),Glutamine(aq),M_b9e610ff2a36,0.0,101325.0,0.0010019170003943,1.0,0.02,0.0541666666666666,0.1033333333333333,2.708333333333333,0.0,GLU_INV_000414,0.0075733669927421,-2.1207109974786995,0.00857142857142848,-2.066946789630618,True,significant,ok,nan,3.92379232432999e-15,False
glutamine,inventory_landscape,Glutamine(aq),Glutamine(aq),M_b9e610ff2a36,0.0,101325.0,0.0009784159919945,1.0,0.02,0.0583333333333333,0.1033333333333333,2.916666666666667,0.0,GLU_INV_000415,0.0075455879270593,-2.12230691579164,0.008571428571428553,-2.066946789630614,True,significant,ok,nan,1.9546999385561336e-16,False
glutamine,inventory_landscape,Glutamine(aq),Glutamine(aq),M_b9e610ff2a36,0.0,101325.0,0.0010610000026645,1.0,0.02,0.0625,0.1033333333333333,3.125,0.0,GLU_INV_000416,0.0075180119035188,-2.123896990988735,0.008571428571428525,-2.0669467896306157,True,significant,ok,nan,2.1423119447711052e-15,False
glutamine,inventory_landscape,Glutamine(aq),Glutamine(aq),M_b9e610ff2a36,0.0,101325.0,0.0010310829966329,1.0,0.02,0.0666666666666666,0.1033333333333333,3.333333333333333,0.0,GLU_INV_000417,0.0074906367041198,-2.125481265700597,0.00857142857142852,-2.0669467896306157,True,significant,ok,nan,7.761858848815072e-16,False
glutamine,inventory_landscape,Glutamine(aq),Glutamine(aq),M_b9e610ff2a36,0.0,101325.0,0.0009671659936429,1.0,0.02,0.0708333333333333,0.1033333333333333,3.541666666666667,0.0,GLU_INV_000418,0.0074634601430496,-2.127059782093,0.008571428571428518,-2.0669467896306157,True,significant,ok,nan,1.546739654914698e-15,False
glutamine,inventory_landscape,Glutamine(aq),Glutamine(aq),M_b9e610ff2a36,0.0,101325.0,0.0010473750007804,1.0,0.02,0.075,0.1033333333333333,3.75,0.0,GLU_INV_000419,0.007436480066102,-2.128632581873605,0.008571428571428525,-2.0669467896306157,True,significant,ok,nan,2.1190788571651395e-15,False
glutamine,inventory_landscape,Glutamine(aq),Glutamine(aq),M_b9e610ff2a36,0.0,101325.0,0.0010517920018173,1.0,0.02,0.0791666666666666,0.1033333333333333,3.9583333333333335,0.0,GLU_INV_000420,0.007409694350108,-2.1301997062985745,0.008571428571428511,-2.066946789630616,True,significant,ok,nan,1.5355971442793137e-15,False
glutamine,inventory_landscape,Glutamine(aq),Glutamine(aq),M_b9e610ff2a36,0.0,101325.0,0.0009775840007932,1.0,0.02,0.0833333333333333,0.1033333333333333,4.166666666666667,0.0,GLU_INV_000421,0.007383100902379,-2.131761196179057,0.008571428571428572,-2.066946789630613,True,significant,ok,nan,9.563036717443924e-16,False
glutamine,inventory_landscape,Glutamine(aq),Glutamine(aq),M_b9e610ff2a36,0.0,101325.0,0.0010303750023012,1.0,0.02,0.0875,0.1033333333333333,4.375,0.0,GLU_INV_000422,0.0073566976601614,-2.133317091887588,0.008571428571428534,-2.0669467896306153,True,significant,ok,nan,1.71519077677862e-15,False
glutamine,inventory_landscape,Glutamine(aq),Glutamine(aq),M_b9e610ff2a36,0.0,101325.0,0.0012198330077808,1.0,0.02,0.0916666666666666,0.1033333333333333,4.583333333333334,0.0,GLU_INV_000423,0.0073304825901038,-2.1348674333643194,0.008571428571428518,-2.0669467896306157,True,significant,ok,nan,1.1393858774406e-15,False
glutamine,inventory_landscape,Glutamine(aq),Glutamine(aq),M_b9e610ff2a36,0.0,101325.0,0.0009715829946799,1.0,0.02,0.0958333333333333,0.1033333333333333,4.791666666666667,0.0,GLU_INV_000424,0.0073044536877346,-2.136412260123194,0.008571428571428565,-2.0669467896306135,True,significant,ok,nan,3.7844672443345096e-16,False
glutamine,inventory_landscape,Glutamine(aq),Glutamine(aq),M_b9e610ff2a36,0.0,101325.0,0.0010266660101478,1.0,0.02,0.1,0.1033333333333333,5.0,0.0,GLU_INV_000425,0.007278608976951,-2.1379516112579955,0.008571428571428496,-2.066946789630617,True,significant,ok,nan,2.2626461965672395e-15,False
glutamine,inventory_landscape,Glutamine(aq),Glutamine(aq),M_b9e610ff2a36,0.0,101325.0,0.0010495000024093,1.0,0.02,0.0,0.1091666666666666,0.0,0.0,GLU_INV_000426,0.0,,0.0,,False,below_threshold,ok,nan,9.83223342841467e-16,False
glutamine,inventory_landscape,Glutamine(aq),Glutamine(aq),M_b9e610ff2a36,0.0,101325.0,0.0010102079977514,1.0,0.02,0.0041666666666666,0.1091666666666666,0.2083333333333333,0.0,GLU_INV_000427,0.0027985074626865,-2.553073530637099,0.003124999999999929,-2.505149978319916,True,significant,ok,nan,1.1135371232061258e-14,False
glutamine,inventory_landscape,Glutamine(aq),Glutamine(aq),M_b9e610ff2a36,0.0,101325.0,0.0010474580049049,1.0,0.02,0.0083333333333333,0.1091666666666666,0.4166666666666667,0.0,GLU_INV_000428,0.0056603773584905,-2.247154614881132,0.0062499999999999336,-2.2041199826559295,True,significant,ok,nan,1.0658141036401492e-14,False
glutamine,inventory_landscape,Glutamine(aq),Glutamine(aq),M_b9e610ff2a36,0.0,101325.0,0.0012237080081831,1.0,0.02,0.0125,0.1091666666666666,0.625,0.0,GLU_INV_000429,0.0078209863132739,-2.10673847412669,0.00857142857142852,-2.0669467896306157,True,significant,ok,nan,8.104169808256622e-15,False
glutamine,inventory_landscape,Glutamine(aq),Glutamine(aq),M_b9e610ff2a36,0.0,101325.0,0.0010045829985756,1.0,0.02,0.0166666666666666,0.1091666666666666,0.8333333333333334,0.0,GLU_INV_000430,0.0077913645709338,-2.108386473812957,0.008571428571428489,-2.0669467896306175,True,significant,ok,nan,7.871638629308537e-15,False
glutamine,inventory_landscape,Glutamine(aq),Glutamine(aq),M_b9e610ff2a36,0.0,101325.0,0.0010358750005252,1.0,0.02,0.0208333333333333,0.1091666666666666,1.0416666666666667,0.0,GLU_INV_000431,0.0077619663648124,-2.1100282435346824,0.00857142857142855,-2.0669467896306144,True,significant,ok,nan,1.8096778926619632e-15,False
glutamine,inventory_landscape,Glutamine(aq),Glutamine(aq),M_b9e610ff2a36,0.0,101325.0,0.0010053750011138,1.0,0.02,0.025,0.1091666666666666,1.25,0.0,GLU_INV_000432,0.0077327891740951,-2.111663830217047,0.008571428571428516,-2.066946789630616,True,significant,ok,nan,7.612140252611958e-15,False
glutamine,inventory_landscape,Glutamine(aq),Glutamine(aq),M_b9e610ff2a36,0.0,101325.0,0.0011223330075154,1.0,0.02,0.0291666666666666,0.1091666666666666,1.4583333333333337,0.0,GLU_INV_000433,0.0077038305157286,-2.1132932802570292,0.008571428571428516,-2.066946789630616,True,significant,ok,nan,2.9935395057301442e-15,False
glutamine,inventory_landscape,Glutamine(aq),Glutamine(aq),M_b9e610ff2a36,0.0,101325.0,0.0010295419924659,1.0,0.02,0.0333333333333333,0.1091666666666666,1.6666666666666667,0.0,GLU_INV_000434,0.007675087943716,-2.1149166395313284,0.008571428571428551,-2.0669467896306144,True,significant,ok,nan,2.1870719001250277e-15,False
glutamine,inventory_landscape,Glutamine(aq),Glutamine(aq),M_b9e610ff2a36,0.0,101325.0,0.001052833002177,1.0,0.02,0.0375,0.1091666666666666,1.875,0.0,GLU_INV_000435,0.0076465590484282,-2.1165339534041103,0.008571428571428565,-2.0669467896306135,True,significant,ok,nan,2.178942384778344e-15,False
glutamine,inventory_landscape,Glutamine(aq),Glutamine(aq),M_b9e610ff2a36,0.0,101325.0,0.0010521670046728,1.0,0.02,0.0416666666666666,0.1091666666666666,2.083333333333333,0.0,GLU_INV_000436,0.0076182414559305,-2.118145266734611,0.008571428571428478,-2.066946789630618,True,significant,ok,nan,4.539098261720031e-15,False
glutamine,inventory_landscape,Glutamine(aq),Glutamine(aq),M_b9e610ff2a36,0.0,101325.0,0.0010599579982226,1.0,0.02,0.0458333333333333,0.1091666666666666,2.291666666666667,0.0,GLU_INV_000437,0.0075901328273244,-2.1197506238845887,0.008571428571428492,-2.066946789630617,True,significant,ok,nan,3.735854833020764e-15,False
glutamine,inventory_landscape,Glutamine(aq),Glutamine(aq),M_b9e610ff2a36,0.0,101325.0,0.0010221249976893,1.0,0.02,0.05,0.1091666666666666,2.5,0.0,GLU_INV_000438,0.0075622308581031,-2.1213500687256786,0.008571428571428532,-2.0669467896306153,True,significant,ok,nan,2.7426158532910054e-15,False
glutamine,inventory_landscape,Glutamine(aq),Glutamine(aq),M_b9e610ff2a36,0.0,101325.0,0.0010970839939545,1.0,0.02,0.0541666666666666,0.1091666666666666,2.708333333333333,0.0,GLU_INV_000439,0.0075345332775219,-2.1229436446465764,0.008571428571428492,-2.066946789630617,True,significant,ok,nan,2.7325706926730493e-15,False
glutamine,inventory_landscape,Glutamine(aq),Glutamine(aq),M_b9e610ff2a36,0.0,101325.0,0.0010300419962732,1.0,0.02,0.0583333333333333,0.1091666666666666,2.916666666666667,0.0,GLU_INV_000440,0.0075070378479824,-2.124531394560087,0.008571428571428482,-2.066946789630618,True,significant,ok,nan,3.3060128853398446e-15,False
glutamine,inventory_landscape,Glutamine(aq),Glutamine(aq),M_b9e610ff2a36,0.0,101325.0,0.0010144160041818,1.0,0.02,0.0625,0.1091666666666666,3.125,0.0,GLU_INV_000441,0.0074797423644296,-2.1261133609100753,0.0085714285714285,-2.0669467896306166,True,significant,ok,nan,3.875285022585209e-15,False
glutamine,inventory_landscape,Glutamine(aq),Glutamine(aq),M_b9e610ff2a36,0.0,101325.0,0.0010795830021379,1.0,0.02,0.0666666666666666,0.1091666666666666,3.333333333333333,0.0,GLU_INV_000442,0.0074526446537625,-2.1276895856782696,0.008571428571428518,-2.0669467896306157,True,significant,ok,nan,1.737560514680919e-15,False
glutamine,inventory_landscape,Glutamine(aq),Glutamine(aq),M_b9e610ff2a36,0.0,101325.0,0.0010232500062556,1.0,0.02,0.0708333333333333,0.1091666666666666,3.541666666666667,0.0,GLU_INV_000443,0.0074257425742574,-2.129260110390944,0.008571428571428542,-2.066946789630615,True,significant,ok,nan,7.69461502215455e-16,False
glutamine,inventory_landscape,Glutamine(aq),Glutamine(aq),M_b9e610ff2a36,0.0,101325.0,0.0011020420060958,1.0,0.02,0.075,0.1091666666666666,3.75,0.0,GLU_INV_000444,0.0073990340150035,-2.1308249761254903,0.008571428571428468,-2.0669467896306184,True,significant,ok,nan,2.8751022732045953e-15,False
glutamine,inventory_landscape,Glutamine(aq),Glutamine(aq),M_b9e610ff2a36,0.0,101325.0,0.0010742500016931,1.0,0.02,0.0791666666666666,0.1091666666666666,3.9583333333333335,0.0,GLU_INV_000445,0.0073725168953512,-2.132384223516837,0.008571428571428551,-2.0669467896306144,True,significant,ok,nan,7.639462139546438e-16,False
glutamine,inventory_landscape,Glutamine(aq),Glutamine(aq),M_b9e610ff2a36,0.0,101325.0,0.0010203340061707,1.0,0.02,0.0833333333333333,0.1091666666666666,4.166666666666667,0.0,GLU_INV_000446,0.0073461891643709,-2.133937892763836,0.008571428571428483,-2.0669467896306175,True,significant,ok,nan,3.235176980236143e-15,False
glutamine,inventory_landscape,Glutamine(aq),Glutamine(aq),M_b9e610ff2a36,0.0,101325.0,0.0010706249886425,1.0,0.02,0.0875,0.1091666666666666,4.375,0.0,GLU_INV_000447,0.0073200488003253,-2.1354860236354134,0.008571428571428532,-2.0669467896306153,True,significant,ok,nan,1.7066462110951976e-15,False
glutamine,inventory_landscape,Glutamine(aq),Glutamine(aq),M_b9e610ff2a36,0.0,101325.0,0.0009846250031841,1.0,0.02,0.0916666666666666,0.1091666666666666,4.583333333333334,0.0,GLU_INV_000448,0.0072940938101509,-2.1370286554767355,0.008571428571428518,-2.0669467896306157,True,significant,ok,nan,5.668649624263791e-16,False
glutamine,inventory_landscape,Glutamine(aq),Glutamine(aq),M_b9e610ff2a36,0.0,101325.0,0.0010384579945821,1.0,0.02,0.0958333333333333,0.1091666666666666,4.791666666666667,0.0,GLU_INV_000449,0.0072683222289521,-2.1385658272151717,0.008571428571428516,-2.066946789630616,True,significant,ok,nan,7.531494776379012e-16,False
glutamine,inventory_landscape,Glutamine(aq),Glutamine(aq),M_b9e610ff2a36,0.0,101325.0,0.0012834999943152,1.0,0.02,0.1,0.1091666666666666,5.0,0.0,GLU_INV_000450,0.007242732119505,-2.1400975773662076,0.008571428571428482,-2.066946789630618,True,significant,ok,nan,2.251493428874675e-15,False
glutamine,inventory_landscape,Glutamine(aq),Glutamine(aq),M_b9e610ff2a36,0.0,101325.0,0.0009695830085547,1.0,0.02,0.0,0.1149999999999999,0.0,0.0,GLU_INV_000451,0.0,,0.0,,False,below_threshold,ok,nan,2.3476081577976875e-15,False
glutamine,inventory_landscape,Glutamine(aq),Glutamine(aq),M_b9e610ff2a36,0.0,101325.0,0.0011709170066751,1.0,0.02,0.0041666666666666,0.1149999999999999,0.2083333333333333,0.0,GLU_INV_000452,0.0027839643652561,-2.5553363279952706,0.0031249999999999724,-2.50514997831991,True,significant,ok,nan,7.91250262539087e-16,False
glutamine,inventory_landscape,Glutamine(aq),Glutamine(aq),M_b9e610ff2a36,0.0,101325.0,0.0010976250050589,1.0,0.02,0.0083333333333333,0.1149999999999999,0.4166666666666667,0.0,GLU_INV_000453,0.0056306306306306,-2.2494429614425844,0.00624999999999997,-2.204119982655927,True,significant,ok,nan,5.00100461542863e-15,False
glutamine,inventory_landscape,Glutamine(aq),Glutamine(aq),M_b9e610ff2a36,0.0,101325.0,0.0009865830070339,1.0,0.02,0.0125,0.1149999999999999,0.625,0.0,GLU_INV_000454,0.0077795786061588,-2.109043926657656,0.008571428571428537,-2.066946789630615,True,significant,ok,nan,6.650541813637889e-15,False
glutamine,inventory_landscape,Glutamine(aq),Glutamine(aq),M_b9e610ff2a36,0.0,101325.0,0.0010590419988147,1.0,0.02,0.0166666666666666,0.1149999999999999,0.8333333333333334,0.0,GLU_INV_000455,0.0077502691065662,-2.1106832175623733,0.008571428571428572,-2.066946789630613,True,significant,ok,nan,1.6061784123748227e-15,False
glutamine,inventory_landscape,Glutamine(aq),Glutamine(aq),M_b9e610ff2a36,0.0,101325.0,0.0010341250017518,1.0,0.02,0.0208333333333333,0.1149999999999999,1.0416666666666667,0.0,GLU_INV_000456,0.0077211796246648,-2.1123163440494612,0.008571428571428489,-2.0669467896306175,True,significant,ok,nan,7.600711838291684e-15,False
glutamine,inventory_landscape,Glutamine(aq),Glutamine(aq),M_b9e610ff2a36,0.0,101325.0,0.000978958007181,1.0,0.02,0.025,0.1149999999999999,1.25,0.0,GLU_INV_000457,0.0076923076923076,-2.113943352306842,0.008571428571428476,-2.066946789630618,True,significant,ok,nan,9.96353996458473e-15,False
glutamine,inventory_landscape,Glutamine(aq),Glutamine(aq),M_b9e610ff2a36,0.0,101325.0,0.0010492079891264,1.0,0.02,0.0291666666666666,0.1149999999999999,1.4583333333333337,0.0,GLU_INV_000458,0.0076636508781266,-2.1155642880052796,0.008571428571428506,-2.0669467896306166,True,significant,ok,nan,2.9779265801547557e-15,False
glutamine,inventory_landscape,Glutamine(aq),Glutamine(aq),M_b9e610ff2a36,0.0,101325.0,0.0010291670041624,1.0,0.02,0.0333333333333333,0.1149999999999999,1.6666666666666667,0.0,GLU_INV_000459,0.0076352067868504,-2.1171791963060644,0.008571428571428489,-2.0669467896306175,True,significant,ok,nan,4.746998128619968e-15,False
glutamine,inventory_landscape,Glutamine(aq),Glutamine(aq),M_b9e610ff2a36,0.0,101325.0,0.0009596250019967,1.0,0.02,0.0375,0.1149999999999999,1.875,0.0,GLU_INV_000460,0.007606973058637,-2.118788121868552,0.008571428571428485,-2.0669467896306175,True,significant,ok,nan,7.094166775417792e-15,False
glutamine,inventory_landscape,Glutamine(aq),Glutamine(aq),M_b9e610ff2a36,0.0,101325.0,0.0010275000095134,1.0,0.02,0.0416666666666666,0.1149999999999999,2.083333333333333,0.0,GLU_INV_000461,0.007578947368421,-2.120391108857582,0.008571428571428515,-2.066946789630616,True,significant,ok,nan,2.552344300822464e-15,False
glutamine,inventory_landscape,Glutamine(aq),Glutamine(aq),M_b9e610ff2a36,0.0,101325.0,0.0010441250051371,1.0,0.02,0.0458333333333333,0.1149999999999999,2.291666666666667,0.0,GLU_INV_000462,0.0075511274252753,-2.121988200950756,0.00857142857142857,-2.066946789630613,True,significant,ok,nan,7.82453982745784e-16,False
glutamine,inventory_landscape,Glutamine(aq),Glutamine(aq),M_b9e610ff2a36,0.0,101325.0,0.0010044579976238,1.0,0.02,0.05,0.1149999999999999,2.5,0.0,GLU_INV_000463,0.0075235109717868,-2.123579441345577,0.008571428571428535,-2.066946789630615,True,significant,ok,nan,2.728573201586591e-15,False
glutamine,inventory_landscape,Glutamine(aq),Glutamine(aq),M_b9e610ff2a36,0.0,101325.0,0.0010932500008493,1.0,0.02,0.0541666666666666,0.1149999999999999,2.708333333333333,0.0,GLU_INV_000464,0.0074960957834461,-2.125164872766445,0.008571428571428548,-2.0669467896306144,True,significant,ok,nan,7.767515591338939e-16,False
glutamine,inventory_landscape,Glutamine(aq),Glutamine(aq),M_b9e610ff2a36,0.0,101325.0,0.0010814580018632,1.0,0.02,0.0583333333333333,0.1149999999999999,2.916666666666667,0.0,GLU_INV_000465,0.0074688796680497,-2.1267445374715677,0.008571428571428471,-2.0669467896306184,True,significant,ok,nan,3.4826913137618993e-15,False
glutamine,inventory_landscape,Glutamine(aq),Glutamine(aq),M_b9e610ff2a36,0.0,101325.0,0.0011807919945567,1.0,0.02,0.0625,0.1149999999999999,3.125,0.0,GLU_INV_000466,0.0074418604651162,-2.1283184772596853,0.008571428571428485,-2.0669467896306175,True,significant,ok,nan,3.2773095176531732e-15,False
glutamine,inventory_landscape,Glutamine(aq),Glutamine(aq),M_b9e610ff2a36,0.0,101325.0,0.0010180409881286,1.0,0.02,0.0666666666666666,0.1149999999999999,3.333333333333333,0.0,GLU_INV_000467,0.0074150360453141,-2.129886733476737,0.00857142857142856,-2.066946789630614,True,significant,ok,nan,7.683520829537644e-16,False
glutamine,inventory_landscape,Glutamine(aq),Glutamine(aq),M_b9e610ff2a36,0.0,101325.0,0.0011873330076923,1.0,0.02,0.0708333333333333,0.1149999999999999,3.541666666666667,0.0,GLU_INV_000468,0.0073884043099025,-2.1314493470223725,0.008571428571428556,-2.066946789630614,True,significant,ok,nan,9.569906010109096e-16,False
glutamine,inventory_landscape,Glutamine(aq),Glutamine(aq),M_b9e610ff2a36,0.0,101325.0,0.001040417002514,1.0,0.02,0.075,0.1149999999999999,3.75,0.0,GLU_INV_000469,0.007361963190184,-2.133006358356336,0.008571428571428516,-2.066946789630616,True,significant,ok,nan,1.9071315760432133e-15,False
glutamine,inventory_landscape,Glutamine(aq),Glutamine(aq),M_b9e610ff2a36,0.0,101325.0,0.0009804999863263,1.0,0.02,0.0791666666666666,0.1149999999999999,3.9583333333333335,0.0,GLU_INV_000470,0.0073357106469689,-2.134557807504758,0.008571428571428542,-2.066946789630615,True,significant,ok,nan,9.501654005961604e-16,False
glutamine,inventory_landscape,Glutamine(aq),Glutamine(aq),M_b9e610ff2a36,0.0,101325.0,0.0010015840089181,1.0,0.02,0.0833333333333333,0.1149999999999999,4.166666666666667,0.0,GLU_INV_000471,0.0073096446700507,-2.1361037340663467,0.008571428571428506,-2.0669467896306166,True,significant,ok,nan,1.5148626853768624e-15,False
glutamine,inventory_landscape,Glutamine(aq),Glutamine(aq),M_b9e610ff2a36,0.0,101325.0,0.0010399579914519,1.0,0.02,0.0875,0.1149999999999999,4.375,0.0,GLU_INV_000472,0.0072837632776934,-2.137644177218427,0.00857142857142849,-2.0669467896306175,True,significant,ok,nan,3.0189979668107418e-15,False
glutamine,inventory_landscape,Glutamine(aq),Glutamine(aq),M_b9e610ff2a36,0.0,101325.0,0.0009794579964363,1.0,0.02,0.0916666666666666,0.1149999999999999,4.583333333333334,0.0,GLU_INV_000473,0.007258064516129,-2.139179175722912,0.008571428571428537,-2.066946789630615,True,significant,ok,nan,9.401082063358175e-16,False
glutamine,inventory_landscape,Glutamine(aq),Glutamine(aq),M_b9e610ff2a36,0.0,101325.0,0.0010231249907519,1.0,0.02,0.0958333333333333,0.1149999999999999,4.791666666666667,0.0,GLU_INV_000474,0.0072325464590657,-2.1407087679321655,0.008571428571428468,-2.0669467896306184,True,significant,ok,nan,2.623048271138488e-15,False
glutamine,inventory_landscape,Glutamine(aq),Glutamine(aq),M_b9e610ff2a36,0.0,101325.0,0.0011167500051669,1.0,0.02,0.1,0.1149999999999999,5.0,0.0,GLU_INV_000475,0.0072072072072072,-2.1422329917947143,0.008571428571428565,-2.0669467896306135,True,significant,ok,nan,1.1202250338560136e-15,False
glutamine,inventory_landscape,Glutamine(aq),Glutamine(aq),M_b9e610ff2a36,0.0,101325.0,0.0009624169906601,1.0,0.02,0.0,0.1208333333333333,0.0,0.0,GLU_INV_000476,0.0,,0.0,,False,below_threshold,ok,nan,5.06047602166616e-15,False
glutamine,inventory_landscape,Glutamine(aq),Glutamine(aq),M_b9e610ff2a36,0.0,101325.0,0.0011413339962018,1.0,0.02,0.0041666666666666,0.1208333333333333,0.2083333333333333,0.0,GLU_INV_000477,0.0027695716395864,-2.5575873966214084,0.0031249999999999885,-2.5051499783199076,True,significant,ok,nan,3.345428316448034e-15,False
glutamine,inventory_landscape,Glutamine(aq),Glutamine(aq),M_b9e610ff2a36,0.0,101325.0,0.0010633339988999,1.0,0.02,0.0083333333333333,0.1208333333333333,0.4166666666666667,0.0,GLU_INV_000478,0.0056011949215832,-2.2517193136203146,0.006249999999999925,-2.20411998265593,True,significant,ok,nan,9.949720907768386e-15,False
glutamine,inventory_landscape,Glutamine(aq),Glutamine(aq),M_b9e610ff2a36,0.0,101325.0,0.0010664589935913,1.0,0.02,0.0125,0.1208333333333333,0.625,0.0,GLU_INV_000479,0.0077386070507308,-2.1113372052891273,0.008571428571428502,-2.0669467896306166,True,significant,ok,nan,1.1226330842297361e-14,False
glutamine,inventory_landscape,Glutamine(aq),Glutamine(aq),M_b9e610ff2a36,0.0,101325.0,0.0010039999906439,1.0,0.02,0.0166666666666666,0.1208333333333333,0.8333333333333334,0.0,GLU_INV_000480,0.0077096048827497,-2.1129678789709128,0.008571428571428513,-2.066946789630616,True,significant,ok,nan,5.791847709576783e-15,False
glutamine,inventory_landscape,Glutamine(aq),Glutamine(aq),M_b9e610ff2a36,0.0,101325.0,0.0010765420011011,1.0,0.02,0.0208333333333333,0.1208333333333333,1.0416666666666667,0.0,GLU_INV_000481,0.0076808192873906,-2.114592452752926,0.008571428571428516,-2.066946789630616,True,significant,ok,nan,6.765088453871229e-15,False
glutamine,inventory_landscape,Glutamine(aq),Glutamine(aq),M_b9e610ff2a36,0.0,101325.0,0.0010481249919394,1.0,0.02,0.025,0.1208333333333333,1.25,0.0,GLU_INV_000482,0.0076522478478052,-2.1162109721012263,0.008571428571428475,-2.066946789630618,True,significant,ok,nan,9.713419001715678e-15,False
glutamine,inventory_landscape,Glutamine(aq),Glutamine(aq),M_b9e610ff2a36,0.0,101325.0,0.0009906250052154,1.0,0.02,0.0291666666666666,0.1208333333333333,1.4583333333333337,0.0,GLU_INV_000483,0.0076238881829733,-2.117823481975422,0.008571428571428555,-2.066946789630614,True,significant,ok,nan,1.9749837795110783e-15,False
glutamine,inventory_landscape,Glutamine(aq),Glutamine(aq),M_b9e610ff2a36,0.0,101325.0,0.0010119159996975,1.0,0.02,0.0333333333333333,0.1208333333333333,1.6666666666666667,0.0,GLU_INV_000484,0.0075957379470408,-2.1194300268361936,0.008571428571428544,-2.0669467896306144,True,significant,ok,nan,1.967691403492206e-15,False
glutamine,inventory_landscape,Glutamine(aq),Glutamine(aq),M_b9e610ff2a36,0.0,101325.0,0.0010752910020528,1.0,0.02,0.0375,0.1208333333333333,1.875,0.0,GLU_INV_000485,0.0075677948286735,-2.1210306506526164,0.008571428571428539,-2.066946789630615,True,significant,ok,nan,3.5288148270616684e-15,False
glutamine,inventory_landscape,Glutamine(aq),Glutamine(aq),M_b9e610ff2a36,0.0,101325.0,0.0010019589972216,1.0,0.02,0.0416666666666666,0.1208333333333333,2.083333333333333,0.0,GLU_INV_000486,0.0075400565504241,-2.122625396909399,0.008571428571428542,-2.066946789630615,True,significant,ok,nan,7.81306809663949e-16,False
glutamine,inventory_landscape,Glutamine(aq),Glutamine(aq),M_b9e610ff2a36,0.0,101325.0,0.0010433749994263,1.0,0.02,0.0458333333333333,0.1208333333333333,2.291666666666667,0.0,GLU_INV_000487,0.0075125208681135,-2.124214308613969,0.008571428571428548,-2.0669467896306144,True,significant,ok,nan,2.1407472344608605e-15,False
glutamine,inventory_landscape,Glutamine(aq),Glutamine(aq),M_b9e610ff2a36,0.0,101325.0,0.0011360000062268,1.0,0.02,0.05,0.1208333333333333,2.5,0.0,GLU_INV_000488,0.0074851855702255,-2.125797428303437,0.008571428571428471,-2.0669467896306184,True,significant,ok,nan,5.8171577545595e-15,False
glutamine,inventory_landscape,Glutamine(aq),Glutamine(aq),M_b9e610ff2a36,0.0,101325.0,0.0010399579914519,1.0,0.02,0.0541666666666666,0.1208333333333333,2.708333333333333,0.0,GLU_INV_000489,0.0074580484773151,-2.127374798051405,0.008571428571428568,-2.0669467896306135,True,significant,ok,nan,3.864045331200048e-16,False
glutamine,inventory_landscape,Glutamine(aq),Glutamine(aq),M_b9e610ff2a36,0.0,101325.0,0.0009825830056797,1.0,0.02,0.0583333333333333,0.1208333333333333,2.916666666666667,0.0,GLU_INV_000490,0.0074311074414284,-2.128946459474724,0.00857142857142855,-2.0669467896306144,True,significant,ok,nan,1.1550261211912035e-15,False
glutamine,inventory_landscape,Glutamine(aq),Glutamine(aq),M_b9e610ff2a36,0.0,101325.0,0.0011220410087844,1.0,0.02,0.0625,0.1208333333333333,3.125,0.0,GLU_INV_000491,0.0074043603455368,-2.1305124537400304,0.008571428571428556,-2.066946789630614,True,significant,ok,nan,9.590573227942525e-16,False
glutamine,inventory_landscape,Glutamine(aq),Glutamine(aq),M_b9e610ff2a36,0.0,101325.0,0.0010447079985169,1.0,0.02,0.0666666666666666,0.1208333333333333,3.333333333333333,0.0,GLU_INV_000492,0.0073778051029818,-2.1320728215702514,0.008571428571428504,-2.0669467896306166,True,significant,ok,nan,1.911235455856401e-15,False
glutamine,inventory_landscape,Glutamine(aq),Glutamine(aq),M_b9e610ff2a36,0.0,101325.0,0.0010520409996388,1.0,0.02,0.0708333333333333,0.1208333333333333,3.541666666666667,0.0,GLU_INV_000493,0.0073514396569328,-2.1336276032509316,0.008571428571428558,-2.066946789630614,True,significant,ok,nan,7.617621733184653e-16,False
glutamine,inventory_landscape,Glutamine(aq),Glutamine(aq),M_b9e610ff2a36,0.0,101325.0,0.0010410410031909,1.0,0.02,0.075,0.1208333333333333,3.75,0.0,GLU_INV_000494,0.0073252619798555,-2.1351768386365086,0.008571428571428542,-2.066946789630615,True,significant,ok,nan,1.8976240526709346e-15,False
glutamine,inventory_landscape,Glutamine(aq),Glutamine(aq),M_b9e610ff2a36,0.0,101325.0,0.0010786250059027,1.0,0.02,0.0791666666666666,0.1208333333333333,3.9583333333333335,0.0,GLU_INV_000495,0.0072992700729927,-2.1367205671564067,0.008571428571428572,-2.066946789630613,True,significant,ok,nan,7.563563184794251e-16,False
glutamine,inventory_landscape,Glutamine(aq),Glutamine(aq),M_b9e610ff2a36,0.0,101325.0,0.0010263750009471,1.0,0.02,0.0833333333333333,0.1208333333333333,4.166666666666667,0.0,GLU_INV_000496,0.0072734619658551,-2.1382588278210872,0.008571428571428534,-2.0669467896306153,True,significant,ok,nan,1.884205153419802e-15,False
glutamine,inventory_landscape,Glutamine(aq),Glutamine(aq),M_b9e610ff2a36,0.0,101325.0,0.0009751249890541,1.0,0.02,0.0875,0.1208333333333333,4.375,0.0,GLU_INV_000497,0.0072478357157237,-2.1397916592279405,0.008571428571428487,-2.0669467896306175,True,significant,ok,nan,2.4408366073901147e-15,False
glutamine,inventory_landscape,Glutamine(aq),Glutamine(aq),M_b9e610ff2a36,0.0,101325.0,0.0010393749980721,1.0,0.02,0.0916666666666666,0.1208333333333333,4.583333333333334,0.0,GLU_INV_000498,0.0072223894071622,-2.141319099567105,0.008571428571428567,-2.0669467896306135,True,significant,ok,nan,9.354873514747033e-16,False
glutamine,inventory_landscape,Glutamine(aq),Glutamine(aq),M_b9e610ff2a36,0.0,101325.0,0.0017721249896567,1.0,0.02,0.0958333333333333,0.1208333333333333,4.791666666666667,0.0,GLU_INV_000499,0.0071971211515393,-2.1428411866272015,0.00857142857142848,-2.066946789630618,True,significant,ok,nan,3.1695291466707757e-15,False
glutamine,inventory_landscape,Glutamine(aq),Glutamine(aq),M_b9e610ff2a36,0.0,101325.0,0.001055874992744,1.0,0.02,0.1,0.1208333333333333,5.0,0.0,GLU_INV_000500,0.0071720290865624,-2.1443579578008847,0.008571428571428565,-2.0669467896306135,True,significant,ok,nan,5.573786277628038e-16,False
glutamine,inventory_landscape,Glutamine(aq),Glutamine(aq),M_b9e610ff2a36,0.0,101325.0,0.0009608749969629,1.0,0.02,0.0,0.1266666666666666,0.0,0.0,GLU_INV_000501,0.0,,0.0,,False,below_threshold,ok,nan,4.841088770167833e-15,False
glutamine,inventory_landscape,Glutamine(aq),Glutamine(aq),M_b9e610ff2a36,0.0,101325.0,0.00105804100167,1.0,0.02,0.0041666666666666,0.1266666666666666,0.2083333333333333,0.0,GLU_INV_000502,0.0027553269654665,-2.5598268574756267,0.0031249999999999243,-2.5051499783199165,True,significant,ok,nan,9.201554531794091e-15,False
glutamine,inventory_landscape,Glutamine(aq),Glutamine(aq),M_b9e610ff2a36,0.0,101325.0,0.0010536670015426,1.0,0.02,0.0083333333333333,0.1266666666666666,0.4166666666666667,0.0,GLU_INV_000503,0.0055720653789004,-2.2539837964962617,0.0062499999999999535,-2.204119982655928,True,significant,ok,nan,7.720421627408215e-15,False
glutamine,inventory_landscape,Glutamine(aq),Glutamine(aq),M_b9e610ff2a36,0.0,101325.0,0.0010841659968718,1.0,0.02,0.0125,0.1266666666666666,0.625,0.0,GLU_INV_000504,0.0076980647920453,-2.1136184379141576,0.008571428571428537,-2.066946789630615,True,significant,ok,nan,7.378537710969711e-15,False
glutamine,inventory_landscape,Glutamine(aq),Glutamine(aq),M_b9e610ff2a36,0.0,101325.0,0.0011082919954787,1.0,0.02,0.0166666666666666,0.1266666666666666,0.8333333333333334,0.0,GLU_INV_000505,0.0076693651469961,-2.1152405844952904,0.008571428571428502,-2.0669467896306166,True,significant,ok,nan,6.754999911225917e-15,False
glutamine,inventory_landscape,Glutamine(aq),Glutamine(aq),M_b9e610ff2a36,0.0,101325.0,0.0010590410092845,1.0,0.02,0.0208333333333333,0.1266666666666666,1.0416666666666667,0.0,GLU_INV_000506,0.0076408787010506,-2.1168566946869,0.008571428571428551,-2.0669467896306144,True,significant,ok,nan,1.1876311247184097e-15,False
glutamine,inventory_landscape,Glutamine(aq),Glutamine(aq),M_b9e610ff2a36,0.0,101325.0,0.0010659580002538,1.0,0.02,0.025,0.1266666666666666,1.25,0.0,GLU_INV_000507,0.0076126030873334,-2.1184668132481432,0.008571428571428492,-2.066946789630617,True,significant,ok,nan,6.7050051984128684e-15,False
glutamine,inventory_landscape,Glutamine(aq),Glutamine(aq),M_b9e610ff2a36,0.0,101325.0,0.0009857499971985,1.0,0.02,0.0291666666666666,0.1266666666666666,1.4583333333333337,0.0,GLU_INV_000508,0.0075845359738754,-2.120070984442171,0.008571428571428482,-2.066946789630618,True,significant,ok,nan,6.090847479456241e-15,False
glutamine,inventory_landscape,Glutamine(aq),Glutamine(aq),M_b9e610ff2a36,0.0,101325.0,0.0010398329905001,1.0,0.02,0.0333333333333333,0.1266666666666666,1.6666666666666667,0.0,GLU_INV_000509,0.0075566750629722,-2.121669252043458,0.008571428571428475,-2.066946789630618,True,significant,ok,nan,6.851502293026779e-15,False
glutamine,inventory_landscape,Glutamine(aq),Glutamine(aq),M_b9e610ff2a36,0.0,101325.0,0.0010256659879814,1.0,0.02,0.0375,0.1266666666666666,1.875,0.0,GLU_INV_000510,0.0075290180905573,-2.123261659344955,0.008571428571428513,-2.066946789630616,True,significant,ok,nan,3.705774228383873e-15,False
glutamine,inventory_landscape,Glutamine(aq),Glutamine(aq),M_b9e610ff2a36,0.0,101325.0,0.0010113329917658,1.0,0.02,0.0416666666666666,0.1266666666666666,2.083333333333333,0.0,GLU_INV_000511,0.0075015628255886,-2.124848249165138,0.0085714285714285,-2.0669467896306166,True,significant,ok,nan,3.6922607778740345e-15,False
glutamine,inventory_landscape,Glutamine(aq),Glutamine(aq),M_b9e610ff2a36,0.0,101325.0,0.0009785000002011,1.0,0.02,0.0458333333333333,0.1266666666666666,2.291666666666667,0.0,GLU_INV_000512,0.0074743070694487,-2.1264290638549004,0.0085714285714285,-2.0669467896306166,True,significant,ok,nan,4.646962768907532e-15,False
glutamine,inventory_landscape,Glutamine(aq),Glutamine(aq),M_b9e610ff2a36,0.0,101325.0,0.001042709001922,1.0,0.02,0.05,0.1266666666666666,2.5,0.0,GLU_INV_000513,0.0074472486553578,-2.1280041453043492,0.008571428571428485,-2.0669467896306175,True,significant,ok,nan,4.823062374250779e-15,False
glutamine,inventory_landscape,Glutamine(aq),Glutamine(aq),M_b9e610ff2a36,0.0,101325.0,0.0010356670100009,1.0,0.02,0.0541666666666666,0.1266666666666666,2.708333333333333,0.0,GLU_INV_000514,0.0074203854477996,-2.1295735349494556,0.00857142857142852,-2.0669467896306157,True,significant,ok,nan,1.5378127848049156e-15,False
glutamine,inventory_landscape,Glutamine(aq),Glutamine(aq),M_b9e610ff2a36,0.0,101325.0,0.0010052079887827,1.0,0.02,0.0583333333333333,0.1266666666666666,2.916666666666667,0.0,GLU_INV_000515,0.0073937153419593,-2.131137273778609,0.008571428571428534,-2.0669467896306153,True,significant,ok,nan,1.7238213321351777e-15,False
glutamine,inventory_landscape,Glutamine(aq),Glutamine(aq),M_b9e610ff2a36,0.0,101325.0,0.0010707499895943,1.0,0.02,0.0625,0.1266666666666666,3.125,0.0,GLU_INV_000516,0.007367236263174,-2.132695402339029,0.008571428571428515,-2.066946789630616,True,significant,ok,nan,2.671896606894881e-15,False
glutamine,inventory_landscape,Glutamine(aq),Glutamine(aq),M_b9e610ff2a36,0.0,101325.0,0.001067334000254,1.0,0.02,0.0666666666666666,0.1266666666666666,3.333333333333333,0.0,GLU_INV_000517,0.0073409461663947,-2.134247960743076,0.008571428571428485,-2.0669467896306175,True,significant,ok,nan,3.0426993170803615e-15,False
glutamine,inventory_landscape,Glutamine(aq),Glutamine(aq),M_b9e610ff2a36,0.0,101325.0,0.001059415997588,1.0,0.02,0.0708333333333333,0.1266666666666666,3.541666666666667,0.0,GLU_INV_000518,0.0073148430356598,-2.135794988674445,0.008571428571428506,-2.0669467896306166,True,significant,ok,nan,1.7054325035387948e-15,False
glutamine,inventory_landscape,Glutamine(aq),Glutamine(aq),M_b9e610ff2a36,0.0,101325.0,0.000990083994111,1.0,0.02,0.075,0.1266666666666666,3.75,0.0,GLU_INV_000519,0.0072889248835796,-2.1373365253942653,0.008571428571428492,-2.066946789630617,True,significant,ok,nan,3.209958451436976e-15,False
glutamine,inventory_landscape,Glutamine(aq),Glutamine(aq),M_b9e610ff2a36,0.0,101325.0,0.001110166995204,1.0,0.02,0.0791666666666666,0.1266666666666666,3.9583333333333335,0.0,GLU_INV_000520,0.0072631897508322,-2.1388726097470583,0.008571428571428525,-2.0669467896306157,True,significant,ok,nan,9.407720575861307e-16,False
glutamine,inventory_landscape,Glutamine(aq),Glutamine(aq),M_b9e610ff2a36,0.0,101325.0,0.0010600420064292,1.0,0.02,0.0833333333333333,0.1266666666666666,4.166666666666667,0.0,GLU_INV_000521,0.0072376357056694,-2.140403280166635,0.00857142857142848,-2.066946789630618,True,significant,ok,nan,2.062416716432738e-15,False
glutamine,inventory_landscape,Glutamine(aq),Glutamine(aq),M_b9e610ff2a36,0.0,101325.0,0.0010184999991906,1.0,0.02,0.0875,0.1266666666666666,4.375,0.0,GLU_INV_000522,0.0072122608434338,-2.141928574681834,0.008571428571428528,-2.0669467896306153,True,significant,ok,nan,1.3078456145038404e-15,False
glutamine,inventory_landscape,Glutamine(aq),Glutamine(aq),M_b9e610ff2a36,0.0,101325.0,0.0009730000019771,1.0,0.02,0.0916666666666666,0.1266666666666666,4.583333333333334,0.0,GLU_INV_000523,0.007187063286085,-2.14344853092223,0.00857142857142852,-2.0669467896306157,True,significant,ok,nan,1.1170940395509654e-15,False
glutamine,inventory_landscape,Glutamine(aq),Glutamine(aq),M_b9e610ff2a36,0.0,101325.0,0.0010726250038715,1.0,0.02,0.0958333333333333,0.1266666666666666,4.791666666666667,0.0,GLU_INV_000524,0.0071620411817367,-2.1449631861236713,0.008571428571428464,-2.066946789630619,True,significant,ok,nan,2.9685461953570262e-15,False
glutamine,inventory_landscape,Glutamine(aq),Glutamine(aq),M_b9e610ff2a36,0.0,101325.0,0.0010152499889954,1.0,0.02,0.1,0.1266666666666666,5.0,0.0,GLU_INV_000525,0.007137192704203,-2.1464725771337574,0.008571428571428555,-2.066946789630614,True,significant,ok,nan,3.6978086466500066e-16,False
glutamine,inventory_landscape,Glutamine(aq),Glutamine(aq),M_b9e610ff2a36,0.0,101325.0,0.001075000007404,1.0,0.02,0.0,0.1324999999999999,0.0,0.0,GLU_INV_000526,0.0,,0.0,,False,below_threshold,ok,nan,5.201912653341296e-15,False
glutamine,inventory_landscape,Glutamine(aq),Glutamine(aq),M_b9e610ff2a36,0.0,101325.0,0.0009887499909382,1.0,0.02,0.0041666666666666,0.1324999999999999,0.2083333333333333,0.0,GLU_INV_000527,0.0027412280701754,-2.5620548296563848,0.003124999999999957,-2.505149978319912,True,significant,ok,nan,5.258951169277056e-15,False
glutamine,inventory_landscape,Glutamine(aq),Glutamine(aq),M_b9e610ff2a36,0.0,101325.0,0.0010864579962799,1.0,0.02,0.0083333333333333,0.1324999999999999,0.4166666666666667,0.0,GLU_INV_000528,0.0055432372505543,-2.2562365332059247,0.006249999999999973,-2.204119982655927,True,significant,ok,nan,2.3632241765856994e-15,False
glutamine,inventory_landscape,Glutamine(aq),Glutamine(aq),M_b9e610ff2a36,0.0,101325.0,0.0010694999946281,1.0,0.02,0.0125,0.1324999999999999,0.625,0.0,GLU_INV_000529,0.0076579451180599,-2.11588775042097,0.008571428571428478,-2.066946789630618,True,significant,ok,nan,1.5275308494523524e-14,False
glutamine,inventory_landscape,Glutamine(aq),Glutamine(aq),M_b9e610ff2a36,0.0,101325.0,0.0010447920067235,1.0,0.02,0.0166666666666666,0.1324999999999999,0.8333333333333334,0.0,GLU_INV_000530,0.0076295432870615,-2.1175014586172756,0.0085714285714285,-2.0669467896306166,True,significant,ok,nan,5.138766738966496e-15,False
glutamine,inventory_landscape,Glutamine(aq),Glutamine(aq),M_b9e610ff2a36,0.0,101325.0,0.0009818749967962,1.0,0.02,0.0208333333333333,0.1324999999999999,1.0416666666666667,0.0,GLU_INV_000531,0.0076013513513513,-2.119109192947579,0.008571428571428516,-2.066946789630616,True,significant,ok,nan,4.529034804847554e-15,False
glutamine,inventory_landscape,Glutamine(aq),Glutamine(aq),M_b9e610ff2a36,0.0,101325.0,0.0010396669968031,1.0,0.02,0.025,0.1324999999999999,1.25,0.0,GLU_INV_000532,0.0075733669927421,-2.1207109974786995,0.008571428571428475,-2.066946789630618,True,significant,ok,nan,8.239963881092984e-15,False
glutamine,inventory_landscape,Glutamine(aq),Glutamine(aq),M_b9e610ff2a36,0.0,101325.0,0.0010382080072304,1.0,0.02,0.0291666666666666,0.1324999999999999,1.4583333333333337,0.0,GLU_INV_000533,0.0075455879270593,-2.12230691579164,0.008571428571428556,-2.066946789630614,True,significant,ok,nan,1.5637599508449063e-15,False
glutamine,inventory_landscape,Glutamine(aq),Glutamine(aq),M_b9e610ff2a36,0.0,101325.0,0.0010540000075707,1.0,0.02,0.0333333333333333,0.1324999999999999,1.6666666666666667,0.0,GLU_INV_000534,0.0075180119035188,-2.123896990988735,0.008571428571428522,-2.0669467896306157,True,significant,ok,nan,4.47937952088504e-15,False
glutamine,inventory_landscape,Glutamine(aq),Glutamine(aq),M_b9e610ff2a36,0.0,101325.0,0.0009832910000113,1.0,0.02,0.0375,0.1324999999999999,1.875,0.0,GLU_INV_000535,0.0074906367041198,-2.125481265700597,0.00857142857142852,-2.0669467896306157,True,significant,ok,nan,2.7166505970852753e-15,False
glutamine,inventory_landscape,Glutamine(aq),Glutamine(aq),M_b9e610ff2a36,0.0,101325.0,0.0010185409919358,1.0,0.02,0.0416666666666666,0.1324999999999999,2.083333333333333,0.0,GLU_INV_000536,0.0074634601430496,-2.127059782093,0.008571428571428516,-2.066946789630616,True,significant,ok,nan,2.1267670255077103e-15,False
glutamine,inventory_landscape,Glutamine(aq),Glutamine(aq),M_b9e610ff2a36,0.0,101325.0,0.0010470840061316,1.0,0.02,0.0458333333333333,0.1324999999999999,2.291666666666667,0.0,GLU_INV_000537,0.007436480066102,-2.128632581873605,0.008571428571428523,-2.0669467896306157,True,significant,ok,nan,1.9264353246955816e-15,False
glutamine,inventory_landscape,Glutamine(aq),Glutamine(aq),M_b9e610ff2a36,0.0,101325.0,0.0013062090001767,1.0,0.02,0.05,0.1324999999999999,2.5,0.0,GLU_INV_000538,0.007409694350108,-2.1301997062985745,0.008571428571428508,-2.0669467896306166,True,significant,ok,nan,3.838992860698286e-15,False
glutamine,inventory_landscape,Glutamine(aq),Glutamine(aq),M_b9e610ff2a36,0.0,101325.0,0.0009962920012185,1.0,0.02,0.0541666666666666,0.1324999999999999,2.708333333333333,0.0,GLU_INV_000539,0.007383100902379,-2.131761196179057,0.008571428571428572,-2.066946789630613,True,significant,ok,nan,1.147564406093271e-15,False
glutamine,inventory_landscape,Glutamine(aq),Glutamine(aq),M_b9e610ff2a36,0.0,101325.0,0.0010277499968651,1.0,0.02,0.0583333333333333,0.1324999999999999,2.916666666666667,0.0,GLU_INV_000540,0.0073566976601614,-2.133317091887588,0.008571428571428528,-2.0669467896306153,True,significant,ok,nan,1.905767529754023e-15,False
glutamine,inventory_landscape,Glutamine(aq),Glutamine(aq),M_b9e610ff2a36,0.0,101325.0,0.0010368340008426,1.0,0.02,0.0625,0.1324999999999999,3.125,0.0,GLU_INV_000541,0.0073304825901038,-2.1348674333643194,0.008571428571428518,-2.0669467896306157,True,significant,ok,nan,2.2787717548812e-15,False
glutamine,inventory_landscape,Glutamine(aq),Glutamine(aq),M_b9e610ff2a36,0.0,101325.0,0.0011925839935429,1.0,0.02,0.0666666666666666,0.1324999999999999,3.333333333333333,0.0,GLU_INV_000542,0.0073044536877346,-2.136412260123194,0.008571428571428565,-2.0669467896306135,True,significant,ok,nan,5.676700866501764e-16,False
glutamine,inventory_landscape,Glutamine(aq),Glutamine(aq),M_b9e610ff2a36,0.0,101325.0,0.0009871250076685,1.0,0.02,0.0708333333333333,0.1324999999999999,3.541666666666667,0.0,GLU_INV_000543,0.007278608976951,-2.1379516112579955,0.008571428571428494,-2.066946789630617,True,significant,ok,nan,3.2054154451369237e-15,False
glutamine,inventory_landscape,Glutamine(aq),Glutamine(aq),M_b9e610ff2a36,0.0,101325.0,0.0010628330055624,1.0,0.02,0.075,0.1324999999999999,3.75,0.0,GLU_INV_000544,0.0072529465095194,-2.1394855254482525,0.008571428571428468,-2.0669467896306184,True,significant,ok,nan,3.945670223509167e-15,False
glutamine,inventory_landscape,Glutamine(aq),Glutamine(aq),M_b9e610ff2a36,0.0,101325.0,0.001047917001415,1.0,0.02,0.0791666666666666,0.1324999999999999,3.9583333333333335,0.0,GLU_INV_000545,0.0072274643645854,-2.1410140409650977,0.008571428571428542,-2.066946789630615,True,significant,ok,nan,1.3106025667126923e-15,False
glutamine,inventory_landscape,Glutamine(aq),Glutamine(aq),M_b9e610ff2a36,0.0,101325.0,0.0010325000039301,1.0,0.02,0.0833333333333333,0.1324999999999999,4.166666666666667,0.0,GLU_INV_000546,0.0072021606481944,-2.142537195677003,0.008571428571428508,-2.0669467896306166,True,significant,ok,nan,2.4254547221979995e-15,False
glutamine,inventory_landscape,Glutamine(aq),Glutamine(aq),M_b9e610ff2a36,0.0,101325.0,0.0009751670004334,1.0,0.02,0.0875,0.1324999999999999,4.375,0.0,GLU_INV_000547,0.0071770334928229,-2.144055027055377,0.008571428571428496,-2.066946789630617,True,significant,ok,nan,2.2310701930266295e-15,False
glutamine,inventory_landscape,Glutamine(aq),Glutamine(aq),M_b9e610ff2a36,0.0,101325.0,0.0011411250015953,1.0,0.02,0.0916666666666666,0.1324999999999999,4.583333333333334,0.0,GLU_INV_000548,0.0071520810569186,-2.1455675721801217,0.00857142857142852,-2.0669467896306157,True,significant,ok,nan,1.1116567088727103e-15,False
glutamine,inventory_landscape,Glutamine(aq),Glutamine(aq),M_b9e610ff2a36,0.0,101325.0,0.0010806249920278,1.0,0.02,0.0958333333333333,0.1324999999999999,4.791666666666667,0.0,GLU_INV_000549,0.0071273015244506,-2.1470748677450624,0.008571428571428567,-2.0669467896306135,True,significant,ok,nan,3.6926839860824843e-16,False
glutamine,inventory_landscape,Glutamine(aq),Glutamine(aq),M_b9e610ff2a36,0.0,101325.0,0.0010573339968686,1.0,0.02,0.1,0.1324999999999999,5.0,0.0,GLU_INV_000550,0.0071026931044687,-2.148576950063295,0.008571428571428487,-2.0669467896306175,True,significant,ok,nan,2.2079605579997173e-15,False
glutamine,inventory_landscape,Glutamine(aq),Glutamine(aq),M_b9e610ff2a36,0.0,101325.0,0.000974208000116,1.0,0.02,0.0,0.1383333333333333,0.0,0.0,GLU_INV_000551,0.0,,0.0,,False,below_threshold,ok,nan,5.75079552323822e-16,False
glutamine,inventory_landscape,Glutamine(aq),Glutamine(aq),M_b9e610ff2a36,0.0,101325.0,0.0011096670059487,1.0,0.02,0.0041666666666666,0.1383333333333333,0.2083333333333333,0.0,GLU_INV_000552,0.0027272727272727,-2.5642714304385668,0.003124999999999971,-2.50514997831991,True,significant,ok,nan,4.069472032080571e-15,False
glutamine,inventory_landscape,Glutamine(aq),Glutamine(aq),M_b9e610ff2a36,0.0,101325.0,0.0010681249987101,1.0,0.02,0.0083333333333333,0.1383333333333333,0.4166666666666667,0.0,GLU_INV_000553,0.0055147058823529,-2.258477644978521,0.006249999999999958,-2.2041199826559277,True,significant,ok,nan,6.857259857978903e-15,False
glutamine,inventory_landscape,Glutamine(aq),Glutamine(aq),M_b9e610ff2a36,0.0,101325.0,0.0010711669892771,1.0,0.02,0.0125,0.1383333333333333,0.625,0.0,GLU_INV_000554,0.0076182414559305,-2.118145266734611,0.008571428571428478,-2.066946789630618,True,significant,ok,nan,1.1841125900139213e-14,False
glutamine,inventory_landscape,Glutamine(aq),Glutamine(aq),M_b9e610ff2a36,0.0,101325.0,0.0010006249940488,1.0,0.02,0.0166666666666666,0.1383333333333333,0.8333333333333334,0.0,GLU_INV_000555,0.0075901328273244,-2.1197506238845887,0.008571428571428492,-2.066946789630617,True,significant,ok,nan,8.848077236101808e-15,False
glutamine,inventory_landscape,Glutamine(aq),Glutamine(aq),M_b9e610ff2a36,0.0,101325.0,0.0010777080024126,1.0,0.02,0.0208333333333333,0.1383333333333333,1.0416666666666667,0.0,GLU_INV_000556,0.0075622308581031,-2.1213500687256786,0.00857142857142853,-2.0669467896306153,True,significant,ok,nan,5.87703397133787e-15,False
glutamine,inventory_landscape,Glutamine(aq),Glutamine(aq),M_b9e610ff2a36,0.0,101325.0,0.0010585419950075,1.0,0.02,0.025,0.1383333333333333,1.25,0.0,GLU_INV_000557,0.0075345332775219,-2.1229436446465764,0.008571428571428492,-2.066946789630617,True,significant,ok,nan,8.978446561640019e-15,False
glutamine,inventory_landscape,Glutamine(aq),Glutamine(aq),M_b9e610ff2a36,0.0,101325.0,0.0010458750039106,1.0,0.02,0.0291666666666666,0.1383333333333333,1.4583333333333337,0.0,GLU_INV_000558,0.0075070378479824,-2.124531394560087,0.008571428571428483,-2.0669467896306175,True,significant,ok,nan,5.056255001107997e-15,False
glutamine,inventory_landscape,Glutamine(aq),Glutamine(aq),M_b9e610ff2a36,0.0,101325.0,0.0012134999997215,1.0,0.02,0.0333333333333333,0.1383333333333333,1.6666666666666667,0.0,GLU_INV_000559,0.0074797423644296,-2.1261133609100753,0.0085714285714285,-2.0669467896306166,True,significant,ok,nan,6.006691785007074e-15,False
glutamine,inventory_landscape,Glutamine(aq),Glutamine(aq),M_b9e610ff2a36,0.0,101325.0,0.0009814590011956,1.0,0.02,0.0375,0.1383333333333333,1.875,0.0,GLU_INV_000560,0.0074526446537625,-2.1276895856782696,0.008571428571428518,-2.0669467896306157,True,significant,ok,nan,5.019619264633766e-15,False
glutamine,inventory_landscape,Glutamine(aq),Glutamine(aq),M_b9e610ff2a36,0.0,101325.0,0.0010390839888714,1.0,0.02,0.0416666666666666,0.1383333333333333,2.083333333333333,0.0,GLU_INV_000561,0.0074257425742574,-2.129260110390944,0.008571428571428542,-2.066946789630615,True,significant,ok,nan,1.9236537555386376e-16,False
glutamine,inventory_landscape,Glutamine(aq),Glutamine(aq),M_b9e610ff2a36,0.0,101325.0,0.0010692079958971,1.0,0.02,0.0458333333333333,0.1383333333333333,2.291666666666667,0.0,GLU_INV_000562,0.0073990340150035,-2.1308249761254903,0.008571428571428468,-2.0669467896306184,True,significant,ok,nan,5.941878031289497e-15,False
glutamine,inventory_landscape,Glutamine(aq),Glutamine(aq),M_b9e610ff2a36,0.0,101325.0,0.0010729579953476,1.0,0.02,0.05,0.1383333333333333,2.5,0.0,GLU_INV_000563,0.0073725168953512,-2.132384223516837,0.008571428571428553,-2.066946789630614,True,significant,ok,nan,2.673811748841253e-15,False
glutamine,inventory_landscape,Glutamine(aq),Glutamine(aq),M_b9e610ff2a36,0.0,101325.0,0.0009981249895645,1.0,0.02,0.0541666666666666,0.1383333333333333,2.708333333333333,0.0,GLU_INV_000564,0.0073461891643709,-2.133937892763836,0.008571428571428483,-2.0669467896306175,True,significant,ok,nan,2.4739588672394036e-15,False
glutamine,inventory_landscape,Glutamine(aq),Glutamine(aq),M_b9e610ff2a36,0.0,101325.0,0.0010860839975066,1.0,0.02,0.0583333333333333,0.1383333333333333,2.916666666666667,0.0,GLU_INV_000565,0.0073200488003253,-2.1354860236354134,0.008571428571428534,-2.0669467896306153,True,significant,ok,nan,1.1377641407301316e-15,False
glutamine,inventory_landscape,Glutamine(aq),Glutamine(aq),M_b9e610ff2a36,0.0,101325.0,0.0010758749995147,1.0,0.02,0.0625,0.1383333333333333,3.125,0.0,GLU_INV_000566,0.0072940938101509,-2.1370286554767355,0.008571428571428518,-2.0669467896306157,True,significant,ok,nan,2.2674598497055162e-15,False
glutamine,inventory_landscape,Glutamine(aq),Glutamine(aq),M_b9e610ff2a36,0.0,101325.0,0.0010301670117769,1.0,0.02,0.0666666666666666,0.1383333333333333,3.333333333333333,0.0,GLU_INV_000567,0.0072683222289521,-2.1385658272151717,0.008571428571428516,-2.066946789630616,True,significant,ok,nan,1.6945863246852773e-15,False
glutamine,inventory_landscape,Glutamine(aq),Glutamine(aq),M_b9e610ff2a36,0.0,101325.0,0.0011266249930486,1.0,0.02,0.0708333333333333,0.1383333333333333,3.541666666666667,0.0,GLU_INV_000568,0.007242732119505,-2.1400975773662076,0.008571428571428483,-2.0669467896306175,True,significant,ok,nan,3.564864595718234e-15,False
glutamine,inventory_landscape,Glutamine(aq),Glutamine(aq),M_b9e610ff2a36,0.0,101325.0,0.0011019999947166,1.0,0.02,0.075,0.1383333333333333,3.75,0.0,GLU_INV_000569,0.0072173215717722,-2.141623944039221,0.008571428571428513,-2.066946789630616,True,significant,ok,nan,2.6175266178010892e-15,False
glutamine,inventory_landscape,Glutamine(aq),Glutamine(aq),M_b9e610ff2a36,0.0,101325.0,0.0010377909929957,1.0,0.02,0.0791666666666666,0.1383333333333333,3.9583333333333335,0.0,GLU_INV_000570,0.0071920887024273,-2.1431449649431884,0.008571428571428539,-2.066946789630615,True,significant,ok,nan,3.7262504872046e-16,False
glutamine,inventory_landscape,Glutamine(aq),Glutamine(aq),M_b9e610ff2a36,0.0,101325.0,0.0010591659956844,1.0,0.02,0.0833333333333333,0.1383333333333333,4.166666666666667,0.0,GLU_INV_000571,0.0071670316543898,-2.1446606773922623,0.008571428571428563,-2.0669467896306135,True,significant,ok,nan,7.426536656859498e-16,False
glutamine,inventory_landscape,Glutamine(aq),Glutamine(aq),M_b9e610ff2a36,0.0,101325.0,0.0010394999990239,1.0,0.02,0.0875,0.1383333333333333,4.375,0.0,GLU_INV_000572,0.0071421485963694,-2.1461711183112686,0.008571428571428563,-2.0669467896306135,True,significant,ok,nan,9.25094078648082e-16,False
glutamine,inventory_landscape,Glutamine(aq),Glutamine(aq),M_b9e610ff2a36,0.0,101325.0,0.0009766250004759,1.0,0.02,0.0916666666666666,0.1383333333333333,4.583333333333334,0.0,GLU_INV_000573,0.0071174377224199,-2.1476763242411003,0.008571428571428539,-2.066946789630615,True,significant,ok,nan,9.218933775060609e-16,False
glutamine,inventory_landscape,Glutamine(aq),Glutamine(aq),M_b9e610ff2a36,0.0,101325.0,0.0010978750069625,1.0,0.02,0.0958333333333333,0.1383333333333333,4.791666666666667,0.0,GLU_INV_000574,0.0070928972515023,-2.1491763313440226,0.008571428571428555,-2.066946789630614,True,significant,ok,nan,3.674858991961901e-16,False
glutamine,inventory_landscape,Glutamine(aq),Glutamine(aq),M_b9e610ff2a36,0.0,101325.0,0.0010620829998515,1.0,0.02,0.1,0.1383333333333333,5.0,0.0,GLU_INV_000575,0.0070685254270567,-2.1506711754088936,0.008571428571428522,-2.0669467896306157,True,significant,ok,nan,1.281781147613571e-15,False
glutamine,inventory_landscape,Glutamine(aq),Glutamine(aq),M_b9e610ff2a36,0.0,101325.0,0.0010267909965477,1.0,0.02,0.0,0.1441666666666666,0.0,0.0,GLU_INV_000576,0.0,,0.0,,False,below_threshold,ok,nan,7.62930639685147e-16,False
glutamine,inventory_landscape,Glutamine(aq),Glutamine(aq),M_b9e610ff2a36,0.0,101325.0,0.0011012909963028,1.0,0.02,0.0041666666666666,0.1441666666666666,0.2083333333333333,0.0,GLU_INV_000577,0.0027134587554269,-2.5664767753104636,0.0031249999999999815,-2.5051499783199085,True,significant,ok,nan,1.54242272596259e-15,False
glutamine,inventory_landscape,Glutamine(aq),Glutamine(aq),M_b9e610ff2a36,0.0,101325.0,0.0009926670027198,1.0,0.02,0.0083333333333333,0.1441666666666666,0.4166666666666667,0.0,GLU_INV_000578,0.0054864667154352,-2.260707251176127,0.006249999999999937,-2.204119982655929,True,significant,ok,nan,1.0135759581069454e-14,False
glutamine,inventory_landscape,Glutamine(aq),Glutamine(aq),M_b9e610ff2a36,0.0,101325.0,0.0010608330048853,1.0,0.02,0.0125,0.1441666666666666,0.625,0.0,GLU_INV_000579,0.007578947368421,-2.120391108857582,0.008571428571428516,-2.066946789630616,True,significant,ok,nan,8.049701256440077e-15,False
glutamine,inventory_landscape,Glutamine(aq),Glutamine(aq),M_b9e610ff2a36,0.0,101325.0,0.0010574579937383,1.0,0.02,0.0166666666666666,0.1441666666666666,0.8333333333333334,0.0,GLU_INV_000580,0.0075511274252753,-2.121988200950756,0.008571428571428567,-2.0669467896306135,True,significant,ok,nan,9.780674784322305e-16,False
glutamine,inventory_landscape,Glutamine(aq),Glutamine(aq),M_b9e610ff2a36,0.0,101325.0,0.0010353340039728,1.0,0.02,0.0208333333333333,0.1441666666666666,1.0416666666666667,0.0,GLU_INV_000581,0.0075235109717868,-2.123579441345577,0.008571428571428534,-2.0669467896306153,True,significant,ok,nan,2.923471287414205e-15,False
glutamine,inventory_landscape,Glutamine(aq),Glutamine(aq),M_b9e610ff2a36,0.0,101325.0,0.0009837079996941,1.0,0.02,0.025,0.1441666666666666,1.25,0.0,GLU_INV_000582,0.0074960957834461,-2.125164872766445,0.008571428571428548,-2.0669467896306144,True,significant,ok,nan,4.6605093548033636e-15,False
glutamine,inventory_landscape,Glutamine(aq),Glutamine(aq),M_b9e610ff2a36,0.0,101325.0,0.0010512089938856,1.0,0.02,0.0291666666666666,0.1441666666666666,1.4583333333333337,0.0,GLU_INV_000583,0.0074688796680497,-2.1267445374715677,0.008571428571428471,-2.0669467896306184,True,significant,ok,nan,5.224036970642849e-15,False
glutamine,inventory_landscape,Glutamine(aq),Glutamine(aq),M_b9e610ff2a36,0.0,101325.0,0.0015218330081552,1.0,0.02,0.0333333333333333,0.1441666666666666,1.6666666666666667,0.0,GLU_INV_000584,0.0074418604651162,-2.1283184772596853,0.008571428571428483,-2.0669467896306175,True,significant,ok,nan,5.7834873840938356e-15,False
glutamine,inventory_landscape,Glutamine(aq),Glutamine(aq),M_b9e610ff2a36,0.0,101325.0,0.0010197079973295,1.0,0.02,0.0375,0.1441666666666666,1.875,0.0,GLU_INV_000585,0.0074150360453141,-2.129886733476737,0.008571428571428561,-2.0669467896306135,True,significant,ok,nan,1.9208802073844107e-15,False
glutamine,inventory_landscape,Glutamine(aq),Glutamine(aq),M_b9e610ff2a36,0.0,101325.0,0.0010810420062625,1.0,0.02,0.0416666666666666,0.1441666666666666,2.083333333333333,0.0,GLU_INV_000586,0.0073884043099025,-2.1314493470223725,0.008571428571428555,-2.066946789630614,True,significant,ok,nan,7.655924808087278e-16,False
glutamine,inventory_landscape,Glutamine(aq),Glutamine(aq),M_b9e610ff2a36,0.0,101325.0,0.0009843330044532,1.0,0.02,0.0458333333333333,0.1441666666666666,2.291666666666667,0.0,GLU_INV_000587,0.007361963190184,-2.133006358356336,0.008571428571428513,-2.066946789630616,True,significant,ok,nan,3.2421236792734635e-15,False
glutamine,inventory_landscape,Glutamine(aq),Glutamine(aq),M_b9e610ff2a36,0.0,101325.0,0.0011379589996067,1.0,0.02,0.05,0.1441666666666666,2.5,0.0,GLU_INV_000588,0.0073357106469689,-2.134557807504758,0.008571428571428542,-2.066946789630615,True,significant,ok,nan,3.0405292819077132e-15,False
glutamine,inventory_landscape,Glutamine(aq),Glutamine(aq),M_b9e610ff2a36,0.0,101325.0,0.0010785419872263,1.0,0.02,0.0541666666666666,0.1441666666666666,2.708333333333333,0.0,GLU_INV_000589,0.0073096446700507,-2.1361037340663467,0.008571428571428502,-2.0669467896306166,True,significant,ok,nan,1.514862685376863e-15,False
glutamine,inventory_landscape,Glutamine(aq),Glutamine(aq),M_b9e610ff2a36,0.0,101325.0,0.0010551669984124,1.0,0.02,0.0583333333333333,0.1441666666666666,2.916666666666667,0.0,GLU_INV_000590,0.0072837632776934,-2.137644177218427,0.00857142857142849,-2.0669467896306175,True,significant,ok,nan,2.641623220959399e-15,False
glutamine,inventory_landscape,Glutamine(aq),Glutamine(aq),M_b9e610ff2a36,0.0,101325.0,0.0047483750095125,1.0,0.02,0.0625,0.1441666666666666,3.125,0.0,GLU_INV_000591,0.007258064516129,-2.139179175722912,0.008571428571428532,-2.0669467896306153,True,significant,ok,nan,1.128129847602982e-15,False
glutamine,inventory_landscape,Glutamine(aq),Glutamine(aq),M_b9e610ff2a36,0.0,101325.0,0.0010508749983273,1.0,0.02,0.0666666666666666,0.1441666666666666,3.333333333333333,0.0,GLU_INV_000592,0.0072325464590657,-2.1407087679321655,0.008571428571428464,-2.066946789630619,True,significant,ok,nan,2.6230482711384894e-15,False
glutamine,inventory_landscape,Glutamine(aq),Glutamine(aq),M_b9e610ff2a36,0.0,101325.0,0.0009786250011529,1.0,0.02,0.0708333333333333,0.1441666666666666,3.541666666666667,0.0,GLU_INV_000593,0.0072072072072072,-2.1422329917947143,0.008571428571428561,-2.0669467896306135,True,significant,ok,nan,9.335208615466784e-16,False
glutamine,inventory_landscape,Glutamine(aq),Glutamine(aq),M_b9e610ff2a36,0.0,101325.0,0.0010986249981215,1.0,0.02,0.075,0.1441666666666666,3.75,0.0,GLU_INV_000594,0.0071820448877805,-2.1437518848609542,0.008571428571428516,-2.066946789630616,True,significant,ok,nan,2.2326280475255012e-15,False
glutamine,inventory_landscape,Glutamine(aq),Glutamine(aq),M_b9e610ff2a36,0.0,101325.0,0.0010350420052418,1.0,0.02,0.0791666666666666,0.1441666666666666,3.9583333333333335,0.0,GLU_INV_000595,0.0071570576540755,-2.145265484288643,0.00857142857142852,-2.0669467896306157,True,significant,ok,nan,1.4832403032765503e-15,False
glutamine,inventory_landscape,Glutamine(aq),Glutamine(aq),M_b9e610ff2a36,0.0,101325.0,0.001054334003129,1.0,0.02,0.0833333333333333,0.1441666666666666,4.166666666666667,0.0,GLU_INV_000596,0.0071322436849925,-2.146773826848394,0.008571428571428492,-2.066946789630617,True,significant,ok,nan,1.847622269807094e-15,False
glutamine,inventory_landscape,Glutamine(aq),Glutamine(aq),M_b9e610ff2a36,0.0,101325.0,0.001098250009818,1.0,0.02,0.0875,0.1441666666666666,4.375,0.0,GLU_INV_000597,0.0071076011846002,-2.148276948929012,0.008571428571428575,-2.066946789630613,True,significant,ok,nan,9.206192899162207e-16,False
glutamine,inventory_landscape,Glutamine(aq),Glutamine(aq),M_b9e610ff2a36,0.0,101325.0,0.0009881249861791,1.0,0.02,0.0916666666666666,0.1441666666666666,4.583333333333334,0.0,GLU_INV_000598,0.0070831283817019,-2.14977488654279,0.008571428571428551,-2.0669467896306144,True,significant,ok,nan,7.339595401358633e-16,False
glutamine,inventory_landscape,Glutamine(aq),Glutamine(aq),M_b9e610ff2a36,0.0,101325.0,0.0010936250037048,1.0,0.02,0.0958333333333333,0.1441666666666666,4.791666666666667,0.0,GLU_INV_000599,0.0070588235294117,-2.151267675330653,0.008571428571428497,-2.066946789630617,True,significant,ok,nan,1.6457423659149372e-15,False
glutamine,inventory_landscape,Glutamine(aq),Glutamine(aq),M_b9e610ff2a36,0.0,101325.0,0.0010466250096214,1.0,0.02,0.1,0.1441666666666666,5.0,0.0,GLU_INV_000600,0.0070346849047386,-2.1527553505672588,0.008571428571428525,-2.0669467896306157,True,significant,ok,nan,1.4578795750817877e-15,False
glutamine,inventory_landscape,Glutamine(aq),Glutamine(aq),M_b9e610ff2a36,0.0,101325.0,0.0010340409935452,1.0,0.02,0.0,0.15,0.0,0.0,GLU_INV_000601,0.0,,0.0,,False,below_threshold,ok,nan,5.503669694722997e-15,False
glutamine,inventory_landscape,Glutamine(aq),Glutamine(aq),M_b9e610ff2a36,0.0,101325.0,0.0011153329978697,1.0,0.02,0.0041666666666666,0.15,0.2083333333333333,0.0,GLU_INV_000602,0.0026997840172786,-2.5686709780098997,0.0031249999999999802,-2.505149978319909,True,significant,ok,nan,1.9183119215985425e-15,False
glutamine,inventory_landscape,Glutamine(aq),Glutamine(aq),M_b9e610ff2a36,0.0,101325.0,0.0009904590115183,1.0,0.02,0.0083333333333333,0.15,0.4166666666666667,0.0,GLU_INV_000603,0.0054585152838427,-2.2629254693318392,0.006249999999999899,-2.2041199826559317,True,significant,ok,nan,1.5707958951028397e-14,False
glutamine,inventory_landscape,Glutamine(aq),Glutamine(aq),M_b9e610ff2a36,0.0,101325.0,0.0011064580030506,1.0,0.02,0.0125,0.15,0.625,0.0,GLU_INV_000604,0.0075400565504241,-2.122625396909399,0.008571428571428544,-2.0669467896306144,True,significant,ok,nan,4.297187453151719e-15,False
glutamine,inventory_landscape,Glutamine(aq),Glutamine(aq),M_b9e610ff2a36,0.0,101325.0,0.0011232919932808,1.0,0.02,0.0166666666666666,0.15,0.8333333333333334,0.0,GLU_INV_000605,0.0075125208681135,-2.124214308613969,0.008571428571428548,-2.0669467896306144,True,significant,ok,nan,2.7245873893138228e-15,False
glutamine,inventory_landscape,Glutamine(aq),Glutamine(aq),M_b9e610ff2a36,0.0,101325.0,0.0010916250030277,1.0,0.02,0.0208333333333333,0.15,1.0416666666666667,0.0,GLU_INV_000606,0.0074851855702255,-2.125797428303437,0.008571428571428471,-2.0669467896306184,True,significant,ok,nan,8.72573663183925e-15,False
glutamine,inventory_landscape,Glutamine(aq),Glutamine(aq),M_b9e610ff2a36,0.0,101325.0,0.001056166991475,1.0,0.02,0.025,0.15,1.25,0.0,GLU_INV_000607,0.0074580484773151,-2.127374798051405,0.00857142857142857,-2.066946789630613,True,significant,ok,nan,7.728090662400094e-16,False
glutamine,inventory_landscape,Glutamine(aq),Glutamine(aq),M_b9e610ff2a36,0.0,101325.0,0.0009883330058073,1.0,0.02,0.0291666666666666,0.15,1.4583333333333337,0.0,GLU_INV_000608,0.0074311074414284,-2.128946459474724,0.008571428571428546,-2.0669467896306144,True,significant,ok,nan,7.700174141274694e-16,False
glutamine,inventory_landscape,Glutamine(aq),Glutamine(aq),M_b9e610ff2a36,0.0,101325.0,0.0010957499907817,1.0,0.02,0.0333333333333333,0.15,1.6666666666666667,0.0,GLU_INV_000609,0.0074043603455368,-2.1305124537400304,0.008571428571428555,-2.066946789630614,True,significant,ok,nan,2.109926110147356e-15,False
glutamine,inventory_landscape,Glutamine(aq),Glutamine(aq),M_b9e610ff2a36,0.0,101325.0,0.0010639999964041,1.0,0.02,0.0375,0.15,1.875,0.0,GLU_INV_000610,0.0073778051029818,-2.1320728215702514,0.008571428571428504,-2.0669467896306166,True,significant,ok,nan,5.542582821983563e-15,False
glutamine,inventory_landscape,Glutamine(aq),Glutamine(aq),M_b9e610ff2a36,0.0,101325.0,0.0010423750063637,1.0,0.02,0.0416666666666666,0.15,2.083333333333333,0.0,GLU_INV_000611,0.0073514396569328,-2.1336276032509316,0.008571428571428556,-2.066946789630614,True,significant,ok,nan,1.3330838033073144e-15,False
glutamine,inventory_landscape,Glutamine(aq),Glutamine(aq),M_b9e610ff2a36,0.0,101325.0,0.0010547090059844,1.0,0.02,0.0458333333333333,0.15,2.291666666666667,0.0,GLU_INV_000612,0.0073252619798555,-2.1351768386365086,0.008571428571428539,-2.066946789630615,True,significant,ok,nan,1.8976240526709354e-15,False
glutamine,inventory_landscape,Glutamine(aq),Glutamine(aq),M_b9e610ff2a36,0.0,101325.0,0.0009946249920176,1.0,0.02,0.05,0.15,2.5,0.0,GLU_INV_000613,0.0072992700729927,-2.1367205671564067,0.008571428571428572,-2.066946789630613,True,significant,ok,nan,1.5127126369588503e-15,False
glutamine,inventory_landscape,Glutamine(aq),Glutamine(aq),M_b9e610ff2a36,0.0,101325.0,0.0010467499960213,1.0,0.02,0.0541666666666666,0.15,2.708333333333333,0.0,GLU_INV_000614,0.0072734619658551,-2.1382588278210872,0.008571428571428532,-2.0669467896306153,True,significant,ok,nan,1.3189436073938616e-15,False
glutamine,inventory_landscape,Glutamine(aq),Glutamine(aq),M_b9e610ff2a36,0.0,101325.0,0.0010630000033415,1.0,0.02,0.0583333333333333,0.15,2.916666666666667,0.0,GLU_INV_000615,0.0072478357157237,-2.1397916592279405,0.008571428571428487,-2.0669467896306175,True,significant,ok,nan,3.755133242138638e-15,False
glutamine,inventory_landscape,Glutamine(aq),Glutamine(aq),M_b9e610ff2a36,0.0,101325.0,0.001072999992175,1.0,0.02,0.0625,0.15,3.125,0.0,GLU_INV_000616,0.0072223894071622,-2.141319099567105,0.00857142857142857,-2.066946789630613,True,significant,ok,nan,5.612924108848217e-16,False
glutamine,inventory_landscape,Glutamine(aq),Glutamine(aq),M_b9e610ff2a36,0.0,101325.0,0.0010679169936338,1.0,0.02,0.0666666666666666,0.15,3.333333333333333,0.0,GLU_INV_000617,0.0071971211515393,-2.1428411866272015,0.008571428571428482,-2.066946789630618,True,significant,ok,nan,3.355972037651409e-15,False
glutamine,inventory_landscape,Glutamine(aq),Glutamine(aq),M_b9e610ff2a36,0.0,101325.0,0.0012247919949004,1.0,0.02,0.0708333333333333,0.15,3.541666666666667,0.0,GLU_INV_000618,0.0071720290865624,-2.1443579578008847,0.008571428571428563,-2.0669467896306135,True,significant,ok,nan,7.431715036837388e-16,False
glutamine,inventory_landscape,Glutamine(aq),Glutamine(aq),M_b9e610ff2a36,0.0,101325.0,0.0010204999998677,1.0,0.02,0.075,0.15,3.75,0.0,GLU_INV_000619,0.0071471113758189,-2.1458694500904265,0.00857142857142853,-2.0669467896306153,True,significant,ok,nan,2.2217685305184773e-15,False
glutamine,inventory_landscape,Glutamine(aq),Glutamine(aq),M_b9e610ff2a36,0.0,101325.0,0.0011342910001985,1.0,0.02,0.0791666666666666,0.15,3.9583333333333335,0.0,GLU_INV_000620,0.0071223662083292,-2.1473757001130687,0.00857142857142856,-2.066946789630614,True,significant,ok,nan,5.535190468009485e-16,False
glutamine,inventory_landscape,Glutamine(aq),Glutamine(aq),M_b9e610ff2a36,0.0,101325.0,0.0010731670045061,1.0,0.02,0.0833333333333333,0.15,4.166666666666667,0.0,GLU_INV_000621,0.0070977917981072,-2.1488767441063925,0.008571428571428511,-2.066946789630616,True,significant,ok,nan,1.8386974382593273e-15,False
glutamine,inventory_landscape,Glutamine(aq),Glutamine(aq),M_b9e610ff2a36,0.0,101325.0,0.0010490419954294,1.0,0.02,0.0875,0.15,4.375,0.0,GLU_INV_000622,0.0070733863837312,-2.1503726179335123,0.008571428571428558,-2.066946789630614,True,significant,ok,nan,3.6647503318012826e-16,False
glutamine,inventory_landscape,Glutamine(aq),Glutamine(aq),M_b9e610ff2a36,0.0,101325.0,0.0010505000100238,1.0,0.02,0.0916666666666666,0.15,4.583333333333334,0.0,GLU_INV_000623,0.0070491482279224,-2.1518633570882564,0.008571428571428502,-2.0669467896306166,True,significant,ok,nan,1.4608769777718911e-15,False
glutamine,inventory_landscape,Glutamine(aq),Glutamine(aq),M_b9e610ff2a36,0.0,101325.0,0.0009854160016402,1.0,0.02,0.0958333333333333,0.15,4.791666666666667,0.0,GLU_INV_000624,0.0070250756171333,-2.15334899670018,0.008571428571428482,-2.066946789630618,True,significant,ok,nan,1.819860163303992e-15,False
glutamine,inventory_landscape,Glutamine(aq),Glutamine(aq),M_b9e610ff2a36,0.0,101325.0,0.0011045830033253,1.0,0.02,0.1,0.15,5.0,0.0,GLU_INV_000625,0.0070011668611435,-2.154829571539556,0.008571428571428544,-2.0669467896306144,True,significant,ok,nan,1.6322998961816765e-15,False
glutamine,nh3_deltaG_landscape,Glutamine(aq),Glutamine__dG_m200(aq),M_061e3fb063a8,0.0,101325.0,0.0010777079878607,1.0,0.02,0.042,0.01,2.1,-200.0,GLU_NH3DG_000001,0.0083518930957683,-2.078215073275608,0.008571428571428518,-2.0669467896306157,True,significant,ok,nan,6.707082303553963e-15,False
glutamine,nh3_deltaG_landscape,Glutamine(aq),Glutamine__dG_m160(aq),M_98733f58ccbb,0.0,101325.0,0.0011043330014217,1.0,0.02,0.042,0.01,2.1,-160.0,GLU_NH3DG_000002,0.0083518930957683,-2.078215073275608,0.008571428571428518,-2.0669467896306157,True,significant,ok,nan,6.707082303553963e-15,False
glutamine,nh3_deltaG_landscape,Glutamine(aq),Glutamine__dG_m120(aq),M_6f36f328f32c,0.0,101325.0,0.0016985410038614,1.0,0.02,0.042,0.01,2.1,-120.0,GLU_NH3DG_000003,0.0083518930957683,-2.078215073275608,0.008571428571428518,-2.0669467896306157,True,significant,ok,nan,6.707082303553963e-15,False
glutamine,nh3_deltaG_landscape,Glutamine(aq),Glutamine__dG_m080(aq),M_6a660bb9f9b0,0.0,101325.0,0.001124083995819,1.0,0.02,0.042,0.01,2.1,-80.0,GLU_NH3DG_000004,0.0083518930957683,-2.078215073275608,0.008571428571428518,-2.0669467896306157,True,significant,ok,nan,6.707082303553963e-15,False
glutamine,nh3_deltaG_landscape,Glutamine(aq),Glutamine__dG_m040(aq),M_50f76385d12b,0.0,101325.0,0.001052207997418,1.0,0.02,0.042,0.01,2.1,-40.0,GLU_NH3DG_000005,0.0083518930957683,-2.078215073275608,0.008571428571428518,-2.0669467896306157,True,significant,ok,nan,6.707082303553963e-15,False
glutamine,nh3_deltaG_landscape,Glutamine(aq),Glutamine__dG_000(aq),M_b1e28abd2857,0.0,101325.0,0.0012971249961992,1.0,0.02,0.042,0.01,2.1,0.0,GLU_NH3DG_000006,0.0083518930957683,-2.078215073275608,0.008571428571428518,-2.0669467896306157,True,significant,ok,nan,6.707082303553963e-15,False
glutamine,nh3_deltaG_landscape,Glutamine(aq),Glutamine__dG_p040(aq),M_073611c47c32,0.0,101325.0,0.0010333750105928,1.0,0.02,0.042,0.01,2.1,40.0,GLU_NH3DG_000007,0.0083518930957683,-2.078215073275608,0.008571428571428518,-2.0669467896306157,True,significant,ok,nan,6.707082303553963e-15,False
glutamine,nh3_deltaG_landscape,Glutamine(aq),Glutamine__dG_p080(aq),M_89f0f253da4b,0.0,101325.0,0.0011105000012321,1.0,0.02,0.042,0.01,2.1,80.0,GLU_NH3DG_000008,0.0083518930957683,-2.078215073275608,0.008571428571428518,-2.0669467896306157,True,significant,ok,nan,6.707082303553963e-15,False
glutamine,nh3_deltaG_landscape,Glutamine(aq),Glutamine__dG_p120(aq),M_27e7a9cd4374,0.0,101325.0,0.0014047919976292,1.0,0.02,0.042,0.01,2.1,120.0,GLU_NH3DG_000009,0.0083518930957683,-2.078215073275608,0.008571428571428518,-2.0669467896306157,True,significant,ok,nan,6.707082303553963e-15,False
glutamine,nh3_deltaG_landscape,Glutamine(aq),Glutamine__dG_p160(aq),M_30acba030d1e,0.0,101325.0,0.0010402500047348,1.0,0.02,0.042,0.01,2.1,160.0,GLU_NH3DG_000010,0.0083518930957683,-2.078215073275608,0.008571428571428518,-2.0669467896306157,True,significant,ok,nan,6.707082303553963e-15,False
glutamine,nh3_deltaG_landscape,Glutamine(aq),Glutamine__dG_p200(aq),M_977180e1d50a,0.0,101325.0,0.0011025830026483,1.0,0.02,0.042,0.01,2.1,200.0,GLU_NH3DG_000011,0.0083518930957683,-2.078215073275608,0.008571428571428516,-2.066946789630616,True,significant,ok,nan,6.274367316227902e-15,False
glutamine,nh3_deltaG_landscape,Glutamine(aq),Glutamine__dG_m200(aq),M_061e3fb063a8,0.0,101325.0,0.0010364170011598,1.0,0.02,0.042,0.0158333333333333,2.1,-200.0,GLU_NH3DG_000012,0.0083046898429029,-2.080676582602242,0.00857142857142853,-2.0669467896306153,True,significant,ok,nan,2.3664815214967897e-15,False
glutamine,nh3_deltaG_landscape,Glutamine(aq),Glutamine__dG_m160(aq),M_98733f58ccbb,0.0,101325.0,0.001006916994811,1.0,0.02,0.042,0.0158333333333333,2.1,-160.0,GLU_NH3DG_000013,0.0083046898429029,-2.080676582602242,0.00857142857142853,-2.0669467896306153,True,significant,ok,nan,2.3664815214967897e-15,False
glutamine,nh3_deltaG_landscape,Glutamine(aq),Glutamine__dG_m120(aq),M_6f36f328f32c,0.0,101325.0,0.0010781250020954,1.0,0.02,0.042,0.0158333333333333,2.1,-120.0,GLU_NH3DG_000014,0.0083046898429029,-2.080676582602242,0.00857142857142853,-2.0669467896306153,True,significant,ok,nan,2.3664815214967897e-15,False
glutamine,nh3_deltaG_landscape,Glutamine(aq),Glutamine__dG_m080(aq),M_6a660bb9f9b0,0.0,101325.0,0.001047917001415,1.0,0.02,0.042,0.0158333333333333,2.1,-80.0,GLU_NH3DG_000015,0.0083046898429029,-2.080676582602242,0.00857142857142853,-2.0669467896306153,True,significant,ok,nan,2.3664815214967897e-15,False
glutamine,nh3_deltaG_landscape,Glutamine(aq),Glutamine__dG_m040(aq),M_50f76385d12b,0.0,101325.0,0.0010274590022163,1.0,0.02,0.042,0.0158333333333333,2.1,-40.0,GLU_NH3DG_000016,0.0083046898429029,-2.080676582602242,0.00857142857142853,-2.0669467896306153,True,significant,ok,nan,2.3664815214967897e-15,False
glutamine,nh3_deltaG_landscape,Glutamine(aq),Glutamine__dG_000(aq),M_b1e28abd2857,0.0,101325.0,0.0010232909990008,1.0,0.02,0.042,0.0158333333333333,2.1,0.0,GLU_NH3DG_000017,0.0083046898429029,-2.080676582602242,0.00857142857142853,-2.0669467896306153,True,significant,ok,nan,2.3664815214967897e-15,False
glutamine,nh3_deltaG_landscape,Glutamine(aq),Glutamine__dG_p040(aq),M_073611c47c32,0.0,101325.0,0.0010986670095007,1.0,0.02,0.042,0.0158333333333333,2.1,40.0,GLU_NH3DG_000018,0.0083046898429029,-2.080676582602242,0.00857142857142853,-2.0669467896306153,True,significant,ok,nan,2.3664815214967897e-15,False
glutamine,nh3_deltaG_landscape,Glutamine(aq),Glutamine__dG_p080(aq),M_89f0f253da4b,0.0,101325.0,0.0009967910009436,1.0,0.02,0.042,0.0158333333333333,2.1,80.0,GLU_NH3DG_000019,0.0083046898429029,-2.080676582602242,0.00857142857142853,-2.0669467896306153,True,significant,ok,nan,2.3664815214967897e-15,False
glutamine,nh3_deltaG_landscape,Glutamine(aq),Glutamine__dG_p120(aq),M_27e7a9cd4374,0.0,101325.0,0.0010663749999366,1.0,0.02,0.042,0.0158333333333333,2.1,120.0,GLU_NH3DG_000020,0.0083046898429029,-2.080676582602242,0.00857142857142853,-2.0669467896306153,True,significant,ok,nan,2.3664815214967897e-15,False
glutamine,nh3_deltaG_landscape,Glutamine(aq),Glutamine__dG_p160(aq),M_30acba030d1e,0.0,101325.0,0.001152833996457,1.0,0.02,0.042,0.0158333333333333,2.1,160.0,GLU_NH3DG_000021,0.0083046898429029,-2.080676582602242,0.00857142857142853,-2.0669467896306153,True,significant,ok,nan,2.3664815214967897e-15,False
glutamine,nh3_deltaG_landscape,Glutamine(aq),Glutamine__dG_p200(aq),M_977180e1d50a,0.0,101325.0,0.0010487499966984,1.0,0.02,0.042,0.0158333333333333,2.1,200.0,GLU_NH3DG_000022,0.0083046898429029,-2.080676582602242,0.00857142857142853,-2.0669467896306153,True,significant,ok,nan,1.936212153951919e-15,False
glutamine,nh3_deltaG_landscape,Glutamine(aq),Glutamine__dG_m200(aq),M_061e3fb063a8,0.0,101325.0,0.0010575420019449,1.0,0.02,0.042,0.0216666666666666,2.1,-200.0,GLU_NH3DG_000023,0.0082580171583245,-2.0831242190929578,0.008571428571428537,-2.066946789630615,True,significant,ok,nan,2.567107420338021e-15,False
glutamine,nh3_deltaG_landscape,Glutamine(aq),Glutamine__dG_m160(aq),M_98733f58ccbb,0.0,101325.0,0.0010993750038323,1.0,0.02,0.042,0.0216666666666666,2.1,-160.0,GLU_NH3DG_000024,0.0082580171583245,-2.0831242190929578,0.008571428571428537,-2.066946789630615,True,significant,ok,nan,2.567107420338021e-15,False
glutamine,nh3_deltaG_landscape,Glutamine(aq),Glutamine__dG_m120(aq),M_6f36f328f32c,0.0,101325.0,0.0010836250003194,1.0,0.02,0.042,0.0216666666666666,2.1,-120.0,GLU_NH3DG_000025,0.0082580171583245,-2.0831242190929578,0.008571428571428537,-2.066946789630615,True,significant,ok,nan,2.567107420338021e-15,False
glutamine,nh3_deltaG_landscape,Glutamine(aq),Glutamine__dG_m080(aq),M_6a660bb9f9b0,0.0,101325.0,0.0012454579991754,1.0,0.02,0.042,0.0216666666666666,2.1,-80.0,GLU_NH3DG_000026,0.0082580171583245,-2.0831242190929578,0.008571428571428537,-2.066946789630615,True,significant,ok,nan,2.567107420338021e-15,False
glutamine,nh3_deltaG_landscape,Glutamine(aq),Glutamine__dG_m040(aq),M_50f76385d12b,0.0,101325.0,0.0009872920054476,1.0,0.02,0.042,0.0216666666666666,2.1,-40.0,GLU_NH3DG_000027,0.0082580171583245,-2.0831242190929578,0.008571428571428537,-2.066946789630615,True,significant,ok,nan,2.567107420338021e-15,False
glutamine,nh3_deltaG_landscape,Glutamine(aq),Glutamine__dG_000(aq),M_b1e28abd2857,0.0,101325.0,0.0010744159953901,1.0,0.02,0.042,0.0216666666666666,2.1,0.0,GLU_NH3DG_000028,0.0082580171583245,-2.0831242190929578,0.008571428571428537,-2.066946789630615,True,significant,ok,nan,2.567107420338021e-15,False
glutamine,nh3_deltaG_landscape,Glutamine(aq),Glutamine__dG_p040(aq),M_073611c47c32,0.0,101325.0,0.0010813340049935,1.0,0.02,0.042,0.0216666666666666,2.1,40.0,GLU_NH3DG_000029,0.0082580171583245,-2.0831242190929578,0.008571428571428537,-2.066946789630615,True,significant,ok,nan,2.567107420338021e-15,False
glutamine,nh3_deltaG_landscape,Glutamine(aq),Glutamine__dG_p080(aq),M_89f0f253da4b,0.0,101325.0,0.0010837919980986,1.0,0.02,0.042,0.0216666666666666,2.1,80.0,GLU_NH3DG_000030,0.0082580171583245,-2.0831242190929578,0.008571428571428537,-2.066946789630615,True,significant,ok,nan,2.567107420338021e-15,False
glutamine,nh3_deltaG_landscape,Glutamine(aq),Glutamine__dG_p120(aq),M_27e7a9cd4374,0.0,101325.0,0.0010622090048855,1.0,0.02,0.042,0.0216666666666666,2.1,120.0,GLU_NH3DG_000031,0.0082580171583245,-2.0831242190929578,0.008571428571428537,-2.066946789630615,True,significant,ok,nan,2.567107420338021e-15,False
glutamine,nh3_deltaG_landscape,Glutamine(aq),Glutamine__dG_p160(aq),M_30acba030d1e,0.0,101325.0,0.0010457919997861,1.0,0.02,0.042,0.0216666666666666,2.1,160.0,GLU_NH3DG_000032,0.0082580171583245,-2.0831242190929578,0.008571428571428537,-2.066946789630615,True,significant,ok,nan,2.567107420338021e-15,False
glutamine,nh3_deltaG_landscape,Glutamine(aq),Glutamine__dG_p200(aq),M_977180e1d50a,0.0,101325.0,0.0013074159942334,1.0,0.02,0.042,0.0216666666666666,2.1,200.0,GLU_NH3DG_000033,0.0082580171583245,-2.0831242190929578,0.008571428571428537,-2.066946789630615,True,significant,ok,nan,2.1392561836150173e-15,False
glutamine,nh3_deltaG_landscape,Glutamine(aq),Glutamine__dG_m200(aq),M_061e3fb063a8,0.0,101325.0,0.0010670830088201,1.0,0.02,0.042,0.0274999999999999,2.1,-200.0,GLU_NH3DG_000034,0.0082118661465818,-2.085558138243808,0.00857142857142856,-2.066946789630614,True,significant,ok,nan,2.9782209378844963e-15,False
glutamine,nh3_deltaG_landscape,Glutamine(aq),Glutamine__dG_m160(aq),M_98733f58ccbb,0.0,101325.0,0.0011097919923486,1.0,0.02,0.042,0.0274999999999999,2.1,-160.0,GLU_NH3DG_000035,0.0082118661465818,-2.085558138243808,0.00857142857142856,-2.066946789630614,True,significant,ok,nan,2.9782209378844963e-15,False
glutamine,nh3_deltaG_landscape,Glutamine(aq),Glutamine__dG_m120(aq),M_6f36f328f32c,0.0,101325.0,0.0010989169968524,1.0,0.02,0.042,0.0274999999999999,2.1,-120.0,GLU_NH3DG_000036,0.0082118661465818,-2.085558138243808,0.00857142857142856,-2.066946789630614,True,significant,ok,nan,2.9782209378844963e-15,False
glutamine,nh3_deltaG_landscape,Glutamine(aq),Glutamine__dG_m080(aq),M_6a660bb9f9b0,0.0,101325.0,0.0010906250099651,1.0,0.02,0.042,0.0274999999999999,2.1,-80.0,GLU_NH3DG_000037,0.0082118661465818,-2.085558138243808,0.00857142857142856,-2.066946789630614,True,significant,ok,nan,2.9782209378844963e-15,False
glutamine,nh3_deltaG_landscape,Glutamine(aq),Glutamine__dG_m040(aq),M_50f76385d12b,0.0,101325.0,0.0010377500002505,1.0,0.02,0.042,0.0274999999999999,2.1,-40.0,GLU_NH3DG_000038,0.0082118661465818,-2.085558138243808,0.00857142857142856,-2.066946789630614,True,significant,ok,nan,2.9782209378844963e-15,False
glutamine,nh3_deltaG_landscape,Glutamine(aq),Glutamine__dG_000(aq),M_b1e28abd2857,0.0,101325.0,0.0010594999912427,1.0,0.02,0.042,0.0274999999999999,2.1,0.0,GLU_NH3DG_000039,0.0082118661465818,-2.085558138243808,0.00857142857142856,-2.066946789630614,True,significant,ok,nan,2.9782209378844963e-15,False
glutamine,nh3_deltaG_landscape,Glutamine(aq),Glutamine__dG_p040(aq),M_073611c47c32,0.0,101325.0,0.001092708989745,1.0,0.02,0.042,0.0274999999999999,2.1,40.0,GLU_NH3DG_000040,0.0082118661465818,-2.085558138243808,0.00857142857142856,-2.066946789630614,True,significant,ok,nan,2.9782209378844963e-15,False
glutamine,nh3_deltaG_landscape,Glutamine(aq),Glutamine__dG_p080(aq),M_89f0f253da4b,0.0,101325.0,0.0009785839938558,1.0,0.02,0.042,0.0274999999999999,2.1,80.0,GLU_NH3DG_000041,0.0082118661465818,-2.085558138243808,0.00857142857142856,-2.066946789630614,True,significant,ok,nan,2.9782209378844963e-15,False
glutamine,nh3_deltaG_landscape,Glutamine(aq),Glutamine__dG_p120(aq),M_27e7a9cd4374,0.0,101325.0,0.0010975420009344,1.0,0.02,0.042,0.0274999999999999,2.1,120.0,GLU_NH3DG_000042,0.0082118661465818,-2.085558138243808,0.00857142857142856,-2.066946789630614,True,significant,ok,nan,2.9782209378844963e-15,False
glutamine,nh3_deltaG_landscape,Glutamine(aq),Glutamine__dG_p160(aq),M_30acba030d1e,0.0,101325.0,0.0011118330003228,1.0,0.02,0.042,0.0274999999999999,2.1,160.0,GLU_NH3DG_000043,0.0082118661465818,-2.085558138243808,0.00857142857142856,-2.066946789630614,True,significant,ok,nan,2.9782209378844963e-15,False
glutamine,nh3_deltaG_landscape,Glutamine(aq),Glutamine__dG_p200(aq),M_977180e1d50a,0.0,101325.0,0.0010820000024978,1.0,0.02,0.042,0.0274999999999999,2.1,200.0,GLU_NH3DG_000044,0.0082118661465818,-2.085558138243808,0.008571428571428558,-2.066946789630614,True,significant,ok,nan,1.0636503349587489e-15,False
glutamine,nh3_deltaG_landscape,Glutamine(aq),Glutamine__dG_m200(aq),M_061e3fb063a8,0.0,101325.0,0.001053750005667,1.0,0.02,0.042,0.0333333333333333,2.1,-200.0,GLU_NH3DG_000045,0.0081662281099718,-2.087978492951061,0.00857142857142851,-2.066946789630616,True,significant,ok,nan,3.596312673906e-15,False
glutamine,nh3_deltaG_landscape,Glutamine(aq),Glutamine__dG_m160(aq),M_98733f58ccbb,0.0,101325.0,0.0010546249977778,1.0,0.02,0.042,0.0333333333333333,2.1,-160.0,GLU_NH3DG_000046,0.0081662281099718,-2.087978492951061,0.00857142857142851,-2.066946789630616,True,significant,ok,nan,3.596312673906e-15,False
glutamine,nh3_deltaG_landscape,Glutamine(aq),Glutamine__dG_m120(aq),M_6f36f328f32c,0.0,101325.0,0.0010634159989422,1.0,0.02,0.042,0.0333333333333333,2.1,-120.0,GLU_NH3DG_000047,0.0081662281099718,-2.087978492951061,0.00857142857142851,-2.066946789630616,True,significant,ok,nan,3.596312673906e-15,False
glutamine,nh3_deltaG_landscape,Glutamine(aq),Glutamine__dG_m080(aq),M_6a660bb9f9b0,0.0,101325.0,0.0011404580000089,1.0,0.02,0.042,0.0333333333333333,2.1,-80.0,GLU_NH3DG_000048,0.0081662281099718,-2.087978492951061,0.00857142857142851,-2.066946789630616,True,significant,ok,nan,3.596312673906e-15,False
glutamine,nh3_deltaG_landscape,Glutamine(aq),Glutamine__dG_m040(aq),M_50f76385d12b,0.0,101325.0,0.0009825000015553,1.0,0.02,0.042,0.0333333333333333,2.1,-40.0,GLU_NH3DG_000049,0.0081662281099718,-2.087978492951061,0.00857142857142851,-2.066946789630616,True,significant,ok,nan,3.596312673906e-15,False
glutamine,nh3_deltaG_landscape,Glutamine(aq),Glutamine__dG_000(aq),M_b1e28abd2857,0.0,101325.0,0.0010953339951811,1.0,0.02,0.042,0.0333333333333333,2.1,0.0,GLU_NH3DG_000050,0.0081662281099718,-2.087978492951061,0.00857142857142851,-2.066946789630616,True,significant,ok,nan,3.596312673906e-15,False
glutamine,nh3_deltaG_landscape,Glutamine(aq),Glutamine__dG_p040(aq),M_073611c47c32,0.0,101325.0,0.0011697919981088,1.0,0.02,0.042,0.0333333333333333,2.1,40.0,GLU_NH3DG_000051,0.0081662281099718,-2.087978492951061,0.00857142857142851,-2.066946789630616,True,significant,ok,nan,3.596312673906e-15,False
glutamine,nh3_deltaG_landscape,Glutamine(aq),Glutamine__dG_p080(aq),M_89f0f253da4b,0.0,101325.0,0.0010712499934015,1.0,0.02,0.042,0.0333333333333333,2.1,80.0,GLU_NH3DG_000052,0.0081662281099718,-2.087978492951061,0.00857142857142851,-2.066946789630616,True,significant,ok,nan,3.596312673906e-15,False
glutamine,nh3_deltaG_landscape,Glutamine(aq),Glutamine__dG_p120(aq),M_27e7a9cd4374,0.0,101325.0,0.0010190409957431,1.0,0.02,0.042,0.0333333333333333,2.1,120.0,GLU_NH3DG_000053,0.0081662281099718,-2.087978492951061,0.00857142857142851,-2.066946789630616,True,significant,ok,nan,3.596312673906e-15,False
glutamine,nh3_deltaG_landscape,Glutamine(aq),Glutamine__dG_p160(aq),M_30acba030d1e,0.0,101325.0,0.001083583003492,1.0,0.02,0.042,0.0333333333333333,2.1,160.0,GLU_NH3DG_000054,0.0081662281099718,-2.087978492951061,0.00857142857142851,-2.066946789630616,True,significant,ok,nan,3.596312673906e-15,False
glutamine,nh3_deltaG_landscape,Glutamine(aq),Glutamine__dG_p200(aq),M_977180e1d50a,0.0,101325.0,0.0010618749947752,1.0,0.02,0.042,0.0333333333333333,2.1,200.0,GLU_NH3DG_000055,0.0081662281099718,-2.087978492951061,0.008571428571428508,-2.0669467896306166,True,significant,ok,nan,3.596312673906001e-15,False
glutamine,nh3_deltaG_landscape,Glutamine(aq),Glutamine__dG_m200(aq),M_061e3fb063a8,0.0,101325.0,0.001220165999257,1.0,0.02,0.042,0.0391666666666666,2.1,-200.0,GLU_NH3DG_000056,0.0081210945430756,-2.0903854335688097,0.008571428571428534,-2.0669467896306153,True,significant,ok,nan,2.945300541314227e-15,False
glutamine,nh3_deltaG_landscape,Glutamine(aq),Glutamine__dG_m160(aq),M_98733f58ccbb,0.0,101325.0,0.0010419159953016,1.0,0.02,0.042,0.0391666666666666,2.1,-160.0,GLU_NH3DG_000057,0.0081210945430756,-2.0903854335688097,0.008571428571428534,-2.0669467896306153,True,significant,ok,nan,2.945300541314227e-15,False
glutamine,nh3_deltaG_landscape,Glutamine(aq),Glutamine__dG_m120(aq),M_6f36f328f32c,0.0,101325.0,0.0011143329902552,1.0,0.02,0.042,0.0391666666666666,2.1,-120.0,GLU_NH3DG_000058,0.0081210945430756,-2.0903854335688097,0.008571428571428534,-2.0669467896306153,True,significant,ok,nan,2.945300541314227e-15,False
glutamine,nh3_deltaG_landscape,Glutamine(aq),Glutamine__dG_m080(aq),M_6a660bb9f9b0,0.0,101325.0,0.0011024580016965,1.0,0.02,0.042,0.0391666666666666,2.1,-80.0,GLU_NH3DG_000059,0.0081210945430756,-2.0903854335688097,0.008571428571428534,-2.0669467896306153,True,significant,ok,nan,2.945300541314227e-15,False
glutamine,nh3_deltaG_landscape,Glutamine(aq),Glutamine__dG_m040(aq),M_50f76385d12b,0.0,101325.0,0.0010617499938234,1.0,0.02,0.042,0.0391666666666666,2.1,-40.0,GLU_NH3DG_000060,0.0081210945430756,-2.0903854335688097,0.008571428571428534,-2.0669467896306153,True,significant,ok,nan,2.945300541314227e-15,False
glutamine,nh3_deltaG_landscape,Glutamine(aq),Glutamine__dG_000(aq),M_b1e28abd2857,0.0,101325.0,0.0010520000068936,1.0,0.02,0.042,0.0391666666666666,2.1,0.0,GLU_NH3DG_000061,0.0081210945430756,-2.0903854335688097,0.008571428571428534,-2.0669467896306153,True,significant,ok,nan,2.945300541314227e-15,False
glutamine,nh3_deltaG_landscape,Glutamine(aq),Glutamine__dG_p040(aq),M_073611c47c32,0.0,101325.0,0.0010636670049279,1.0,0.02,0.042,0.0391666666666666,2.1,40.0,GLU_NH3DG_000062,0.0081210945430756,-2.0903854335688097,0.008571428571428534,-2.0669467896306153,True,significant,ok,nan,2.945300541314227e-15,False
glutamine,nh3_deltaG_landscape,Glutamine(aq),Glutamine__dG_p080(aq),M_89f0f253da4b,0.0,101325.0,0.0010578340006759,1.0,0.02,0.042,0.0391666666666666,2.1,80.0,GLU_NH3DG_000063,0.0081210945430756,-2.0903854335688097,0.008571428571428534,-2.0669467896306153,True,significant,ok,nan,2.945300541314227e-15,False
glutamine,nh3_deltaG_landscape,Glutamine(aq),Glutamine__dG_p120(aq),M_27e7a9cd4374,0.0,101325.0,0.0015500419976888,1.0,0.02,0.042,0.0391666666666666,2.1,120.0,GLU_NH3DG_000064,0.0081210945430756,-2.0903854335688097,0.008571428571428534,-2.0669467896306153,True,significant,ok,nan,2.945300541314227e-15,False
glutamine,nh3_deltaG_landscape,Glutamine(aq),Glutamine__dG_p160(aq),M_30acba030d1e,0.0,101325.0,0.0010524160024942,1.0,0.02,0.042,0.0391666666666666,2.1,160.0,GLU_NH3DG_000065,0.0081210945430756,-2.0903854335688097,0.008571428571428534,-2.0669467896306153,True,significant,ok,nan,2.945300541314227e-15,False
glutamine,nh3_deltaG_landscape,Glutamine(aq),Glutamine__dG_p200(aq),M_977180e1d50a,0.0,101325.0,0.0010882920032599,1.0,0.02,0.042,0.0391666666666666,2.1,200.0,GLU_NH3DG_000066,0.0081210945430756,-2.0903854335688097,0.008571428571428532,-2.0669467896306153,True,significant,ok,nan,2.7349219312203543e-15,False
glutamine,nh3_deltaG_landscape,Glutamine(aq),Glutamine__dG_m200(aq),M_061e3fb063a8,0.0,101325.0,0.0011497910018078,1.0,0.02,0.042,0.045,2.1,-200.0,GLU_NH3DG_000067,0.0080764571274734,-2.092779107965053,0.008571428571428556,-2.066946789630614,True,significant,ok,nan,1.883000418666977e-15,False
glutamine,nh3_deltaG_landscape,Glutamine(aq),Glutamine__dG_m160(aq),M_98733f58ccbb,0.0,101325.0,0.0010918749903794,1.0,0.02,0.042,0.045,2.1,-160.0,GLU_NH3DG_000068,0.0080764571274734,-2.092779107965053,0.008571428571428556,-2.066946789630614,True,significant,ok,nan,1.883000418666977e-15,False
glutamine,nh3_deltaG_landscape,Glutamine(aq),Glutamine__dG_m120(aq),M_6f36f328f32c,0.0,101325.0,0.0014345829986268,1.0,0.02,0.042,0.045,2.1,-120.0,GLU_NH3DG_000069,0.0080764571274734,-2.092779107965053,0.008571428571428556,-2.066946789630614,True,significant,ok,nan,1.883000418666977e-15,False
glutamine,nh3_deltaG_landscape,Glutamine(aq),Glutamine__dG_m080(aq),M_6a660bb9f9b0,0.0,101325.0,0.0010557499917922,1.0,0.02,0.042,0.045,2.1,-80.0,GLU_NH3DG_000070,0.0080764571274734,-2.092779107965053,0.008571428571428556,-2.066946789630614,True,significant,ok,nan,1.883000418666977e-15,False
glutamine,nh3_deltaG_landscape,Glutamine(aq),Glutamine__dG_m040(aq),M_50f76385d12b,0.0,101325.0,0.0010557920031715,1.0,0.02,0.042,0.045,2.1,-40.0,GLU_NH3DG_000071,0.0080764571274734,-2.092779107965053,0.008571428571428556,-2.066946789630614,True,significant,ok,nan,1.883000418666977e-15,False
glutamine,nh3_deltaG_landscape,Glutamine(aq),Glutamine__dG_000(aq),M_b1e28abd2857,0.0,101325.0,0.0010594580089673,1.0,0.02,0.042,0.045,2.1,0.0,GLU_NH3DG_000072,0.0080764571274734,-2.092779107965053,0.008571428571428556,-2.066946789630614,True,significant,ok,nan,1.883000418666977e-15,False
glutamine,nh3_deltaG_landscape,Glutamine(aq),Glutamine__dG_p040(aq),M_073611c47c32,0.0,101325.0,0.0012644160015042,1.0,0.02,0.042,0.045,2.1,40.0,GLU_NH3DG_000073,0.0080764571274734,-2.092779107965053,0.008571428571428556,-2.066946789630614,True,significant,ok,nan,1.883000418666977e-15,False
glutamine,nh3_deltaG_landscape,Glutamine(aq),Glutamine__dG_p080(aq),M_89f0f253da4b,0.0,101325.0,0.0015220829955069,1.0,0.02,0.042,0.045,2.1,80.0,GLU_NH3DG_000074,0.0080764571274734,-2.092779107965053,0.008571428571428556,-2.066946789630614,True,significant,ok,nan,1.883000418666977e-15,False
glutamine,nh3_deltaG_landscape,Glutamine(aq),Glutamine__dG_p120(aq),M_27e7a9cd4374,0.0,101325.0,0.0010646250011632,1.0,0.02,0.042,0.045,2.1,120.0,GLU_NH3DG_000075,0.0080764571274734,-2.092779107965053,0.008571428571428556,-2.066946789630614,True,significant,ok,nan,1.883000418666977e-15,False
glutamine,nh3_deltaG_landscape,Glutamine(aq),Glutamine__dG_p160(aq),M_30acba030d1e,0.0,101325.0,0.0010854590072995,1.0,0.02,0.042,0.045,2.1,160.0,GLU_NH3DG_000076,0.0080764571274734,-2.092779107965053,0.008571428571428556,-2.066946789630614,True,significant,ok,nan,1.883000418666977e-15,False
glutamine,nh3_deltaG_landscape,Glutamine(aq),Glutamine__dG_p200(aq),M_977180e1d50a,0.0,101325.0,0.0011302089988021,1.0,0.02,0.042,0.045,2.1,200.0,GLU_NH3DG_000077,0.0080764571274734,-2.092779107965053,0.008571428571428563,-2.0669467896306135,True,significant,ok,nan,2.0922226874077504e-15,False
glutamine,nh3_deltaG_landscape,Glutamine(aq),Glutamine__dG_m200(aq),M_061e3fb063a8,0.0,101325.0,0.0010847090015886,1.0,0.02,0.042,0.0508333333333333,2.1,-200.0,GLU_NH3DG_000078,0.0080323077266337,-2.0951596615761856,0.008571428571428482,-2.066946789630618,True,significant,ok,nan,6.242357085288362e-15,False
glutamine,nh3_deltaG_landscape,Glutamine(aq),Glutamine__dG_m160(aq),M_98733f58ccbb,0.0,101325.0,0.0013560000079451,1.0,0.02,0.042,0.0508333333333333,2.1,-160.0,GLU_NH3DG_000079,0.0080323077266337,-2.0951596615761856,0.008571428571428482,-2.066946789630618,True,significant,ok,nan,6.242357085288362e-15,False
glutamine,nh3_deltaG_landscape,Glutamine(aq),Glutamine__dG_m120(aq),M_6f36f328f32c,0.0,101325.0,0.0010752080124802,1.0,0.02,0.042,0.0508333333333333,2.1,-120.0,GLU_NH3DG_000080,0.0080323077266337,-2.0951596615761856,0.008571428571428482,-2.066946789630618,True,significant,ok,nan,6.242357085288362e-15,False
glutamine,nh3_deltaG_landscape,Glutamine(aq),Glutamine__dG_m080(aq),M_6a660bb9f9b0,0.0,101325.0,0.0010354169935453,1.0,0.02,0.042,0.0508333333333333,2.1,-80.0,GLU_NH3DG_000081,0.0080323077266337,-2.0951596615761856,0.008571428571428482,-2.066946789630618,True,significant,ok,nan,6.242357085288362e-15,False
glutamine,nh3_deltaG_landscape,Glutamine(aq),Glutamine__dG_m040(aq),M_50f76385d12b,0.0,101325.0,0.001135874990723,1.0,0.02,0.042,0.0508333333333333,2.1,-40.0,GLU_NH3DG_000082,0.0080323077266337,-2.0951596615761856,0.008571428571428482,-2.066946789630618,True,significant,ok,nan,6.242357085288362e-15,False
glutamine,nh3_deltaG_landscape,Glutamine(aq),Glutamine__dG_000(aq),M_b1e28abd2857,0.0,101325.0,0.0010027079988503,1.0,0.02,0.042,0.0508333333333333,2.1,0.0,GLU_NH3DG_000083,0.0080323077266337,-2.0951596615761856,0.008571428571428482,-2.066946789630618,True,significant,ok,nan,6.242357085288362e-15,False
glutamine,nh3_deltaG_landscape,Glutamine(aq),Glutamine__dG_p040(aq),M_073611c47c32,0.0,101325.0,0.0013147919962648,1.0,0.02,0.042,0.0508333333333333,2.1,40.0,GLU_NH3DG_000084,0.0080323077266337,-2.0951596615761856,0.008571428571428482,-2.066946789630618,True,significant,ok,nan,6.242357085288362e-15,False
glutamine,nh3_deltaG_landscape,Glutamine(aq),Glutamine__dG_p080(aq),M_89f0f253da4b,0.0,101325.0,0.0010237090027658,1.0,0.02,0.042,0.0508333333333333,2.1,80.0,GLU_NH3DG_000085,0.0080323077266337,-2.0951596615761856,0.008571428571428482,-2.066946789630618,True,significant,ok,nan,6.242357085288362e-15,False
glutamine,nh3_deltaG_landscape,Glutamine(aq),Glutamine__dG_p120(aq),M_27e7a9cd4374,0.0,101325.0,0.0010479579941602,1.0,0.02,0.042,0.0508333333333333,2.1,120.0,GLU_NH3DG_000086,0.0080323077266337,-2.0951596615761856,0.008571428571428482,-2.066946789630618,True,significant,ok,nan,6.242357085288362e-15,False
glutamine,nh3_deltaG_landscape,Glutamine(aq),Glutamine__dG_p160(aq),M_30acba030d1e,0.0,101325.0,0.0010990830051014,1.0,0.02,0.042,0.0508333333333333,2.1,160.0,GLU_NH3DG_000087,0.0080323077266337,-2.0951596615761856,0.008571428571428482,-2.066946789630618,True,significant,ok,nan,6.242357085288362e-15,False
glutamine,nh3_deltaG_landscape,Glutamine(aq),Glutamine__dG_p200(aq),M_977180e1d50a,0.0,101325.0,0.0011333750007906,1.0,0.02,0.042,0.0508333333333333,2.1,200.0,GLU_NH3DG_000088,0.0080323077266337,-2.0951596615761856,0.00857142857142849,-2.0669467896306175,True,significant,ok,nan,5.618121376759521e-15,False
glutamine,nh3_deltaG_landscape,Glutamine(aq),Glutamine__dG_m200(aq),M_061e3fb063a8,0.0,101325.0,0.001061082992237,1.0,0.02,0.042,0.0566666666666666,2.1,-200.0,GLU_NH3DG_000089,0.0079886383809692,-2.097527237460012,0.008571428571428489,-2.0669467896306175,True,significant,ok,nan,4.966735348935542e-15,False
glutamine,nh3_deltaG_landscape,Glutamine(aq),Glutamine__dG_m160(aq),M_98733f58ccbb,0.0,101325.0,0.0010806670034071,1.0,0.02,0.042,0.0566666666666666,2.1,-160.0,GLU_NH3DG_000090,0.0079886383809692,-2.097527237460012,0.008571428571428489,-2.0669467896306175,True,significant,ok,nan,4.966735348935542e-15,False
glutamine,nh3_deltaG_landscape,Glutamine(aq),Glutamine__dG_m120(aq),M_6f36f328f32c,0.0,101325.0,0.0010622499976307,1.0,0.02,0.042,0.0566666666666666,2.1,-120.0,GLU_NH3DG_000091,0.0079886383809692,-2.097527237460012,0.008571428571428489,-2.0669467896306175,True,significant,ok,nan,4.966735348935542e-15,False
glutamine,nh3_deltaG_landscape,Glutamine(aq),Glutamine__dG_m080(aq),M_6a660bb9f9b0,0.0,101325.0,0.0010572080063866,1.0,0.02,0.042,0.0566666666666666,2.1,-80.0,GLU_NH3DG_000092,0.0079886383809692,-2.097527237460012,0.008571428571428489,-2.0669467896306175,True,significant,ok,nan,4.966735348935542e-15,False
glutamine,nh3_deltaG_landscape,Glutamine(aq),Glutamine__dG_m040(aq),M_50f76385d12b,0.0,101325.0,0.00104224999086,1.0,0.02,0.042,0.0566666666666666,2.1,-40.0,GLU_NH3DG_000093,0.0079886383809692,-2.097527237460012,0.008571428571428489,-2.0669467896306175,True,significant,ok,nan,4.966735348935542e-15,False
glutamine,nh3_deltaG_landscape,Glutamine(aq),Glutamine__dG_000(aq),M_b1e28abd2857,0.0,101325.0,0.0010793340043164,1.0,0.02,0.042,0.0566666666666666,2.1,0.0,GLU_NH3DG_000094,0.0079886383809692,-2.097527237460012,0.008571428571428489,-2.0669467896306175,True,significant,ok,nan,4.966735348935542e-15,False
glutamine,nh3_deltaG_landscape,Glutamine(aq),Glutamine__dG_p040(aq),M_073611c47c32,0.0,101325.0,0.0009909579966915,1.0,0.02,0.042,0.0566666666666666,2.1,40.0,GLU_NH3DG_000095,0.0079886383809692,-2.097527237460012,0.008571428571428489,-2.0669467896306175,True,significant,ok,nan,4.966735348935542e-15,False
glutamine,nh3_deltaG_landscape,Glutamine(aq),Glutamine__dG_p080(aq),M_89f0f253da4b,0.0,101325.0,0.0010910830023931,1.0,0.02,0.042,0.0566666666666666,2.1,80.0,GLU_NH3DG_000096,0.0079886383809692,-2.097527237460012,0.008571428571428489,-2.0669467896306175,True,significant,ok,nan,4.966735348935542e-15,False
glutamine,nh3_deltaG_landscape,Glutamine(aq),Glutamine__dG_p120(aq),M_27e7a9cd4374,0.0,101325.0,0.0011074159992858,1.0,0.02,0.042,0.0566666666666666,2.1,120.0,GLU_NH3DG_000097,0.0079886383809692,-2.097527237460012,0.008571428571428489,-2.0669467896306175,True,significant,ok,nan,4.966735348935542e-15,False
glutamine,nh3_deltaG_landscape,Glutamine(aq),Glutamine__dG_p160(aq),M_30acba030d1e,0.0,101325.0,0.0011300829937681,1.0,0.02,0.042,0.0566666666666666,2.1,160.0,GLU_NH3DG_000098,0.0079886383809692,-2.097527237460012,0.008571428571428489,-2.0669467896306175,True,significant,ok,nan,4.966735348935542e-15,False
glutamine,nh3_deltaG_landscape,Glutamine(aq),Glutamine__dG_p200(aq),M_977180e1d50a,0.0,101325.0,0.0011673340050037,1.0,0.02,0.042,0.0566666666666666,2.1,200.0,GLU_NH3DG_000099,0.0079886383809692,-2.097527237460012,0.008571428571428487,-2.0669467896306175,True,significant,ok,nan,4.966735348935543e-15,False
glutamine,nh3_deltaG_landscape,Glutamine(aq),Glutamine__dG_m200(aq),M_061e3fb063a8,0.0,101325.0,0.0013131250016158,1.0,0.02,0.042,0.0624999999999999,2.1,-200.0,GLU_NH3DG_000100,0.0079454413030523,-2.0998819763473593,0.008571428571428497,-2.066946789630617,True,significant,ok,nan,5.3515352044435764e-15,False
glutamine,nh3_deltaG_landscape,Glutamine(aq),Glutamine__dG_m160(aq),M_98733f58ccbb,0.0,101325.0,0.0013219999964348,1.0,0.02,0.042,0.0624999999999999,2.1,-160.0,GLU_NH3DG_000101,0.0079454413030523,-2.0998819763473593,0.008571428571428497,-2.066946789630617,True,significant,ok,nan,5.3515352044435764e-15,False
glutamine,nh3_deltaG_landscape,Glutamine(aq),Glutamine__dG_m120(aq),M_6f36f328f32c,0.0,101325.0,0.0013872919953428,1.0,0.02,0.042,0.0624999999999999,2.1,-120.0,GLU_NH3DG_000102,0.0079454413030523,-2.0998819763473593,0.008571428571428497,-2.066946789630617,True,significant,ok,nan,5.3515352044435764e-15,False
glutamine,nh3_deltaG_landscape,Glutamine(aq),Glutamine__dG_m080(aq),M_6a660bb9f9b0,0.0,101325.0,0.0013531250006053,1.0,0.02,0.042,0.0624999999999999,2.1,-80.0,GLU_NH3DG_000103,0.0079454413030523,-2.0998819763473593,0.008571428571428497,-2.066946789630617,True,significant,ok,nan,5.3515352044435764e-15,False
glutamine,nh3_deltaG_landscape,Glutamine(aq),Glutamine__dG_m040(aq),M_50f76385d12b,0.0,101325.0,0.0014555829984601,1.0,0.02,0.042,0.0624999999999999,2.1,-40.0,GLU_NH3DG_000104,0.0079454413030523,-2.0998819763473593,0.008571428571428497,-2.066946789630617,True,significant,ok,nan,5.3515352044435764e-15,False
glutamine,nh3_deltaG_landscape,Glutamine(aq),Glutamine__dG_000(aq),M_b1e28abd2857,0.0,101325.0,0.0013295829994603,1.0,0.02,0.042,0.0624999999999999,2.1,0.0,GLU_NH3DG_000105,0.0079454413030523,-2.0998819763473593,0.008571428571428497,-2.066946789630617,True,significant,ok,nan,5.3515352044435764e-15,False
glutamine,nh3_deltaG_landscape,Glutamine(aq),Glutamine__dG_p040(aq),M_073611c47c32,0.0,101325.0,0.001452791999327,1.0,0.02,0.042,0.0624999999999999,2.1,40.0,GLU_NH3DG_000106,0.0079454413030523,-2.0998819763473593,0.008571428571428497,-2.066946789630617,True,significant,ok,nan,5.3515352044435764e-15,False
glutamine,nh3_deltaG_landscape,Glutamine(aq),Glutamine__dG_p080(aq),M_89f0f253da4b,0.0,101325.0,0.0014877919893478,1.0,0.02,0.042,0.0624999999999999,2.1,80.0,GLU_NH3DG_000107,0.0079454413030523,-2.0998819763473593,0.008571428571428497,-2.066946789630617,True,significant,ok,nan,5.3515352044435764e-15,False
glutamine,nh3_deltaG_landscape,Glutamine(aq),Glutamine__dG_p120(aq),M_27e7a9cd4374,0.0,101325.0,0.0018865000020014,1.0,0.02,0.042,0.0624999999999999,2.1,120.0,GLU_NH3DG_000108,0.0079454413030523,-2.0998819763473593,0.008571428571428497,-2.066946789630617,True,significant,ok,nan,5.3515352044435764e-15,False
glutamine,nh3_deltaG_landscape,Glutamine(aq),Glutamine__dG_p160(aq),M_30acba030d1e,0.0,101325.0,0.0016383329930249,1.0,0.02,0.042,0.0624999999999999,2.1,160.0,GLU_NH3DG_000109,0.0079454413030523,-2.0998819763473593,0.008571428571428497,-2.066946789630617,True,significant,ok,nan,5.3515352044435764e-15,False
glutamine,nh3_deltaG_landscape,Glutamine(aq),Glutamine__dG_p200(aq),M_977180e1d50a,0.0,101325.0,0.0012442080042092,1.0,0.02,0.042,0.0624999999999999,2.1,200.0,GLU_NH3DG_000110,0.0079454413030523,-2.0998819763473593,0.008571428571428496,-2.066946789630617,True,significant,ok,nan,5.145706927349593e-15,False
glutamine,nh3_deltaG_landscape,Glutamine(aq),Glutamine__dG_m200(aq),M_061e3fb063a8,0.0,101325.0,0.0011685420031426,1.0,0.02,0.042,0.0683333333333333,2.1,-200.0,GLU_NH3DG_000111,0.0079027088729859,-2.1022240166922557,0.00857142857142857,-2.066946789630613,True,significant,ok,nan,1.2283277086777859e-15,False
glutamine,nh3_deltaG_landscape,Glutamine(aq),Glutamine__dG_m160(aq),M_98733f58ccbb,0.0,101325.0,0.0012107499933335,1.0,0.02,0.042,0.0683333333333333,2.1,-160.0,GLU_NH3DG_000112,0.0079027088729859,-2.1022240166922557,0.00857142857142857,-2.066946789630613,True,significant,ok,nan,1.2283277086777859e-15,False
glutamine,nh3_deltaG_landscape,Glutamine(aq),Glutamine__dG_m120(aq),M_6f36f328f32c,0.0,101325.0,0.0010809999948833,1.0,0.02,0.042,0.0683333333333333,2.1,-120.0,GLU_NH3DG_000113,0.0079027088729859,-2.1022240166922557,0.00857142857142857,-2.066946789630613,True,significant,ok,nan,1.2283277086777859e-15,False
glutamine,nh3_deltaG_landscape,Glutamine(aq),Glutamine__dG_m080(aq),M_6a660bb9f9b0,0.0,101325.0,0.0010570830054348,1.0,0.02,0.042,0.0683333333333333,2.1,-80.0,GLU_NH3DG_000114,0.0079027088729859,-2.1022240166922557,0.00857142857142857,-2.066946789630613,True,significant,ok,nan,1.2283277086777859e-15,False
glutamine,nh3_deltaG_landscape,Glutamine(aq),Glutamine__dG_m040(aq),M_50f76385d12b,0.0,101325.0,0.0010580000089248,1.0,0.02,0.042,0.0683333333333333,2.1,-40.0,GLU_NH3DG_000115,0.0079027088729859,-2.1022240166922557,0.00857142857142857,-2.066946789630613,True,significant,ok,nan,1.2283277086777859e-15,False
glutamine,nh3_deltaG_landscape,Glutamine(aq),Glutamine__dG_000(aq),M_b1e28abd2857,0.0,101325.0,0.0011908750020666,1.0,0.02,0.042,0.0683333333333333,2.1,0.0,GLU_NH3DG_000116,0.0079027088729859,-2.1022240166922557,0.00857142857142857,-2.066946789630613,True,significant,ok,nan,1.2283277086777859e-15,False
glutamine,nh3_deltaG_landscape,Glutamine(aq),Glutamine__dG_p040(aq),M_073611c47c32,0.0,101325.0,0.0011734589934349,1.0,0.02,0.042,0.0683333333333333,2.1,40.0,GLU_NH3DG_000117,0.0079027088729859,-2.1022240166922557,0.00857142857142857,-2.066946789630613,True,significant,ok,nan,1.2283277086777859e-15,False
glutamine,nh3_deltaG_landscape,Glutamine(aq),Glutamine__dG_p080(aq),M_89f0f253da4b,0.0,101325.0,0.0011218339932383,1.0,0.02,0.042,0.0683333333333333,2.1,80.0,GLU_NH3DG_000118,0.0079027088729859,-2.1022240166922557,0.00857142857142857,-2.066946789630613,True,significant,ok,nan,1.2283277086777859e-15,False
glutamine,nh3_deltaG_landscape,Glutamine(aq),Glutamine__dG_p120(aq),M_27e7a9cd4374,0.0,101325.0,0.0010830000101123,1.0,0.02,0.042,0.0683333333333333,2.1,120.0,GLU_NH3DG_000119,0.0079027088729859,-2.1022240166922557,0.00857142857142857,-2.066946789630613,True,significant,ok,nan,1.2283277086777859e-15,False
glutamine,nh3_deltaG_landscape,Glutamine(aq),Glutamine__dG_p160(aq),M_30acba030d1e,0.0,101325.0,0.0011453749903012,1.0,0.02,0.042,0.0683333333333333,2.1,160.0,GLU_NH3DG_000120,0.0079027088729859,-2.1022240166922557,0.00857142857142857,-2.066946789630613,True,significant,ok,nan,1.2283277086777859e-15,False
glutamine,nh3_deltaG_landscape,Glutamine(aq),Glutamine__dG_p200(aq),M_977180e1d50a,0.0,101325.0,0.0011141249997308,1.0,0.02,0.042,0.0683333333333333,2.1,200.0,GLU_NH3DG_000121,0.0079027088729858,-2.102224016692261,0.008571428571428473,-2.0669467896306184,True,significant,ok,nan,5.732195973829659e-15,False
glutamine,nh3_deltaG_landscape,Glutamine(aq),Glutamine__dG_m200(aq),M_061e3fb063a8,0.0,101325.0,0.0011126669996883,1.0,0.02,0.042,0.0741666666666666,2.1,-200.0,GLU_NH3DG_000122,0.0078604336339221,-2.1045534947207942,0.008571428571428537,-2.066946789630615,True,significant,ok,nan,2.647139769188563e-15,False
glutamine,nh3_deltaG_landscape,Glutamine(aq),Glutamine__dG_m160(aq),M_98733f58ccbb,0.0,101325.0,0.0010610000026645,1.0,0.02,0.042,0.0741666666666666,2.1,-160.0,GLU_NH3DG_000123,0.0078604336339221,-2.1045534947207942,0.008571428571428537,-2.066946789630615,True,significant,ok,nan,2.647139769188563e-15,False
glutamine,nh3_deltaG_landscape,Glutamine(aq),Glutamine__dG_m120(aq),M_6f36f328f32c,0.0,101325.0,0.0012664160021813,1.0,0.02,0.042,0.0741666666666666,2.1,-120.0,GLU_NH3DG_000124,0.0078604336339221,-2.1045534947207942,0.008571428571428537,-2.066946789630615,True,significant,ok,nan,2.647139769188563e-15,False
glutamine,nh3_deltaG_landscape,Glutamine(aq),Glutamine__dG_m080(aq),M_6a660bb9f9b0,0.0,101325.0,0.0012844589946325,1.0,0.02,0.042,0.0741666666666666,2.1,-80.0,GLU_NH3DG_000125,0.0078604336339221,-2.1045534947207942,0.008571428571428537,-2.066946789630615,True,significant,ok,nan,2.647139769188563e-15,False
glutamine,nh3_deltaG_landscape,Glutamine(aq),Glutamine__dG_m040(aq),M_50f76385d12b,0.0,101325.0,0.0010937080078292,1.0,0.02,0.042,0.0741666666666666,2.1,-40.0,GLU_NH3DG_000126,0.0078604336339221,-2.1045534947207942,0.008571428571428537,-2.066946789630615,True,significant,ok,nan,2.647139769188563e-15,False
glutamine,nh3_deltaG_landscape,Glutamine(aq),Glutamine__dG_000(aq),M_b1e28abd2857,0.0,101325.0,0.0011072500055888,1.0,0.02,0.042,0.0741666666666666,2.1,0.0,GLU_NH3DG_000127,0.0078604336339221,-2.1045534947207942,0.008571428571428537,-2.066946789630615,True,significant,ok,nan,2.647139769188563e-15,False
glutamine,nh3_deltaG_landscape,Glutamine(aq),Glutamine__dG_p040(aq),M_073611c47c32,0.0,101325.0,0.0013322919985512,1.0,0.02,0.042,0.0741666666666666,2.1,40.0,GLU_NH3DG_000128,0.0078604336339221,-2.1045534947207942,0.008571428571428537,-2.066946789630615,True,significant,ok,nan,2.647139769188563e-15,False
glutamine,nh3_deltaG_landscape,Glutamine(aq),Glutamine__dG_p080(aq),M_89f0f253da4b,0.0,101325.0,0.0010652909986674,1.0,0.02,0.042,0.0741666666666666,2.1,80.0,GLU_NH3DG_000129,0.0078604336339221,-2.1045534947207942,0.008571428571428537,-2.066946789630615,True,significant,ok,nan,2.647139769188563e-15,False
glutamine,nh3_deltaG_landscape,Glutamine(aq),Glutamine__dG_p120(aq),M_27e7a9cd4374,0.0,101325.0,0.0011945420119445,1.0,0.02,0.042,0.0741666666666666,2.1,120.0,GLU_NH3DG_000130,0.0078604336339221,-2.1045534947207942,0.008571428571428537,-2.066946789630615,True,significant,ok,nan,2.647139769188563e-15,False
glutamine,nh3_deltaG_landscape,Glutamine(aq),Glutamine__dG_p160(aq),M_30acba030d1e,0.0,101325.0,0.0010930410062428,1.0,0.02,0.042,0.0741666666666666,2.1,160.0,GLU_NH3DG_000131,0.0078604336339221,-2.1045534947207942,0.008571428571428537,-2.066946789630615,True,significant,ok,nan,2.647139769188563e-15,False
glutamine,nh3_deltaG_landscape,Glutamine(aq),Glutamine__dG_p200(aq),M_977180e1d50a,0.0,101325.0,0.001154082987341,1.0,0.02,0.042,0.0741666666666666,2.1,200.0,GLU_NH3DG_000132,0.0078604336339221,-2.1045534947207942,0.008571428571428535,-2.066946789630615,True,significant,ok,nan,2.4435136330971356e-15,False
glutamine,nh3_deltaG_landscape,Glutamine(aq),Glutamine__dG_m200(aq),M_061e3fb063a8,0.0,101325.0,0.0011704589996952,1.0,0.02,0.042,0.0799999999999999,2.1,-200.0,GLU_NH3DG_000133,0.0078186082877247,-2.106870544478659,0.008571428571428485,-2.0669467896306175,True,significant,ok,nan,5.063566049241653e-15,False
glutamine,nh3_deltaG_landscape,Glutamine(aq),Glutamine__dG_m160(aq),M_98733f58ccbb,0.0,101325.0,0.0014958749961806,1.0,0.02,0.042,0.0799999999999999,2.1,-160.0,GLU_NH3DG_000134,0.0078186082877247,-2.106870544478659,0.008571428571428485,-2.0669467896306175,True,significant,ok,nan,5.063566049241653e-15,False
glutamine,nh3_deltaG_landscape,Glutamine(aq),Glutamine__dG_m120(aq),M_6f36f328f32c,0.0,101325.0,0.001318208000157,1.0,0.02,0.042,0.0799999999999999,2.1,-120.0,GLU_NH3DG_000135,0.0078186082877247,-2.106870544478659,0.008571428571428485,-2.0669467896306175,True,significant,ok,nan,5.063566049241653e-15,False
glutamine,nh3_deltaG_landscape,Glutamine(aq),Glutamine__dG_m080(aq),M_6a660bb9f9b0,0.0,101325.0,0.0010477500036358,1.0,0.02,0.042,0.0799999999999999,2.1,-80.0,GLU_NH3DG_000136,0.0078186082877247,-2.106870544478659,0.008571428571428485,-2.0669467896306175,True,significant,ok,nan,5.063566049241653e-15,False
glutamine,nh3_deltaG_landscape,Glutamine(aq),Glutamine__dG_m040(aq),M_50f76385d12b,0.0,101325.0,0.0010565830016275,1.0,0.02,0.042,0.0799999999999999,2.1,-40.0,GLU_NH3DG_000137,0.0078186082877247,-2.106870544478659,0.008571428571428485,-2.0669467896306175,True,significant,ok,nan,5.063566049241653e-15,False
glutamine,nh3_deltaG_landscape,Glutamine(aq),Glutamine__dG_000(aq),M_b1e28abd2857,0.0,101325.0,0.0013697079994017,1.0,0.02,0.042,0.0799999999999999,2.1,0.0,GLU_NH3DG_000138,0.0078186082877247,-2.106870544478659,0.008571428571428485,-2.0669467896306175,True,significant,ok,nan,5.063566049241653e-15,False
glutamine,nh3_deltaG_landscape,Glutamine(aq),Glutamine__dG_p040(aq),M_073611c47c32,0.0,101325.0,0.0011831250012619,1.0,0.02,0.042,0.0799999999999999,2.1,40.0,GLU_NH3DG_000139,0.0078186082877247,-2.106870544478659,0.008571428571428485,-2.0669467896306175,True,significant,ok,nan,5.063566049241653e-15,False
glutamine,nh3_deltaG_landscape,Glutamine(aq),Glutamine__dG_p080(aq),M_89f0f253da4b,0.0,101325.0,0.0010976250050589,1.0,0.02,0.042,0.0799999999999999,2.1,80.0,GLU_NH3DG_000140,0.0078186082877247,-2.106870544478659,0.008571428571428485,-2.0669467896306175,True,significant,ok,nan,5.063566049241653e-15,False
glutamine,nh3_deltaG_landscape,Glutamine(aq),Glutamine__dG_p120(aq),M_27e7a9cd4374,0.0,101325.0,0.0011301250051474,1.0,0.02,0.042,0.0799999999999999,2.1,120.0,GLU_NH3DG_000141,0.0078186082877247,-2.106870544478659,0.008571428571428485,-2.0669467896306175,True,significant,ok,nan,5.063566049241653e-15,False
glutamine,nh3_deltaG_landscape,Glutamine(aq),Glutamine__dG_p160(aq),M_30acba030d1e,0.0,101325.0,0.0011282499908702,1.0,0.02,0.042,0.0799999999999999,2.1,160.0,GLU_NH3DG_000142,0.0078186082877247,-2.106870544478659,0.008571428571428485,-2.0669467896306175,True,significant,ok,nan,5.063566049241653e-15,False
glutamine,nh3_deltaG_landscape,Glutamine(aq),Glutamine__dG_p200(aq),M_977180e1d50a,0.0,101325.0,0.0011414999898988,1.0,0.02,0.042,0.0799999999999999,2.1,200.0,GLU_NH3DG_000143,0.0078186082877247,-2.106870544478659,0.008571428571428483,-2.0669467896306175,True,significant,ok,nan,4.861023407271988e-15,False
glutamine,nh3_deltaG_landscape,Glutamine(aq),Glutamine__dG_m200(aq),M_061e3fb063a8,0.0,101325.0,0.0011271249968558,1.0,0.02,0.042,0.0858333333333333,2.1,-200.0,GLU_NH3DG_000144,0.0077772256907688,-2.1091752978774196,0.00857142857142851,-2.066946789630616,True,significant,ok,nan,4.230882964502958e-15,False
glutamine,nh3_deltaG_landscape,Glutamine(aq),Glutamine__dG_m160(aq),M_98733f58ccbb,0.0,101325.0,0.0012756659998558,1.0,0.02,0.042,0.0858333333333333,2.1,-160.0,GLU_NH3DG_000145,0.0077772256907688,-2.1091752978774196,0.00857142857142851,-2.066946789630616,True,significant,ok,nan,4.230882964502958e-15,False
glutamine,nh3_deltaG_landscape,Glutamine(aq),Glutamine__dG_m120(aq),M_6f36f328f32c,0.0,101325.0,0.001265124999918,1.0,0.02,0.042,0.0858333333333333,2.1,-120.0,GLU_NH3DG_000146,0.0077772256907688,-2.1091752978774196,0.00857142857142851,-2.066946789630616,True,significant,ok,nan,4.230882964502958e-15,False
glutamine,nh3_deltaG_landscape,Glutamine(aq),Glutamine__dG_m080(aq),M_6a660bb9f9b0,0.0,101325.0,0.0016781669983174,1.0,0.02,0.042,0.0858333333333333,2.1,-80.0,GLU_NH3DG_000147,0.0077772256907688,-2.1091752978774196,0.00857142857142851,-2.066946789630616,True,significant,ok,nan,4.230882964502958e-15,False
glutamine,nh3_deltaG_landscape,Glutamine(aq),Glutamine__dG_m040(aq),M_50f76385d12b,0.0,101325.0,0.001530207999167,1.0,0.02,0.042,0.0858333333333333,2.1,-40.0,GLU_NH3DG_000148,0.0077772256907688,-2.1091752978774196,0.00857142857142851,-2.066946789630616,True,significant,ok,nan,4.230882964502958e-15,False
glutamine,nh3_deltaG_landscape,Glutamine(aq),Glutamine__dG_000(aq),M_b1e28abd2857,0.0,101325.0,0.0013805000053253,1.0,0.02,0.042,0.0858333333333333,2.1,0.0,GLU_NH3DG_000149,0.0077772256907688,-2.1091752978774196,0.00857142857142851,-2.066946789630616,True,significant,ok,nan,4.230882964502958e-15,False
glutamine,nh3_deltaG_landscape,Glutamine(aq),Glutamine__dG_p040(aq),M_073611c47c32,0.0,101325.0,0.0013919579942012,1.0,0.02,0.042,0.0858333333333333,2.1,40.0,GLU_NH3DG_000150,0.0077772256907688,-2.1091752978774196,0.00857142857142851,-2.066946789630616,True,significant,ok,nan,4.230882964502958e-15,False
glutamine,nh3_deltaG_landscape,Glutamine(aq),Glutamine__dG_p080(aq),M_89f0f253da4b,0.0,101325.0,0.0011418340000091,1.0,0.02,0.042,0.0858333333333333,2.1,80.0,GLU_NH3DG_000151,0.0077772256907688,-2.1091752978774196,0.00857142857142851,-2.066946789630616,True,significant,ok,nan,4.230882964502958e-15,False
glutamine,nh3_deltaG_landscape,Glutamine(aq),Glutamine__dG_p120(aq),M_27e7a9cd4374,0.0,101325.0,0.0011432079918449,1.0,0.02,0.042,0.0858333333333333,2.1,120.0,GLU_NH3DG_000152,0.0077772256907688,-2.1091752978774196,0.00857142857142851,-2.066946789630616,True,significant,ok,nan,4.230882964502958e-15,False
glutamine,nh3_deltaG_landscape,Glutamine(aq),Glutamine__dG_p160(aq),M_30acba030d1e,0.0,101325.0,0.0011518749961396,1.0,0.02,0.042,0.0858333333333333,2.1,160.0,GLU_NH3DG_000153,0.0077772256907688,-2.1091752978774196,0.00857142857142851,-2.066946789630616,True,significant,ok,nan,4.230882964502958e-15,False
glutamine,nh3_deltaG_landscape,Glutamine(aq),Glutamine__dG_p200(aq),M_977180e1d50a,0.0,101325.0,0.0011346670071361,1.0,0.02,0.042,0.0858333333333333,2.1,200.0,GLU_NH3DG_000154,0.0077772256907688,-2.1091752978774196,0.00857142857142851,-2.066946789630616,True,significant,ok,nan,4.432353581860242e-15,False
glutamine,nh3_deltaG_landscape,Glutamine(aq),Glutamine__dG_m200(aq),M_061e3fb063a8,0.0,101325.0,0.0010940420033875,1.0,0.02,0.042,0.0916666666666666,2.1,-200.0,GLU_NH3DG_000155,0.0077362788498732,-2.111467884739605,0.00857142857142856,-2.066946789630614,True,significant,ok,nan,1.2024592865669808e-15,False
glutamine,nh3_deltaG_landscape,Glutamine(aq),Glutamine__dG_m160(aq),M_98733f58ccbb,0.0,101325.0,0.0011126669996883,1.0,0.02,0.042,0.0916666666666666,2.1,-160.0,GLU_NH3DG_000156,0.0077362788498732,-2.111467884739605,0.00857142857142856,-2.066946789630614,True,significant,ok,nan,1.2024592865669808e-15,False
glutamine,nh3_deltaG_landscape,Glutamine(aq),Glutamine__dG_m120(aq),M_6f36f328f32c,0.0,101325.0,0.0010724169987952,1.0,0.02,0.042,0.0916666666666666,2.1,-120.0,GLU_NH3DG_000157,0.0077362788498732,-2.111467884739605,0.00857142857142856,-2.066946789630614,True,significant,ok,nan,1.2024592865669808e-15,False
glutamine,nh3_deltaG_landscape,Glutamine(aq),Glutamine__dG_m080(aq),M_6a660bb9f9b0,0.0,101325.0,0.0011242920008953,1.0,0.02,0.042,0.0916666666666666,2.1,-80.0,GLU_NH3DG_000158,0.0077362788498732,-2.111467884739605,0.00857142857142856,-2.066946789630614,True,significant,ok,nan,1.2024592865669808e-15,False
glutamine,nh3_deltaG_landscape,Glutamine(aq),Glutamine__dG_m040(aq),M_50f76385d12b,0.0,101325.0,0.0011541250132722,1.0,0.02,0.042,0.0916666666666666,2.1,-40.0,GLU_NH3DG_000159,0.0077362788498732,-2.111467884739605,0.00857142857142856,-2.066946789630614,True,significant,ok,nan,1.2024592865669808e-15,False
glutamine,nh3_deltaG_landscape,Glutamine(aq),Glutamine__dG_000(aq),M_b1e28abd2857,0.0,101325.0,0.0010590829915599,1.0,0.02,0.042,0.0916666666666666,2.1,0.0,GLU_NH3DG_000160,0.0077362788498732,-2.111467884739605,0.00857142857142856,-2.066946789630614,True,significant,ok,nan,1.2024592865669808e-15,False
glutamine,nh3_deltaG_landscape,Glutamine(aq),Glutamine__dG_p040(aq),M_073611c47c32,0.0,101325.0,0.0011110419873148,1.0,0.02,0.042,0.0916666666666666,2.1,40.0,GLU_NH3DG_000161,0.0077362788498732,-2.111467884739605,0.00857142857142856,-2.066946789630614,True,significant,ok,nan,1.2024592865669808e-15,False
glutamine,nh3_deltaG_landscape,Glutamine(aq),Glutamine__dG_p080(aq),M_89f0f253da4b,0.0,101325.0,0.0010862920025829,1.0,0.02,0.042,0.0916666666666666,2.1,80.0,GLU_NH3DG_000162,0.0077362788498732,-2.111467884739605,0.00857142857142856,-2.066946789630614,True,significant,ok,nan,1.2024592865669808e-15,False
glutamine,nh3_deltaG_landscape,Glutamine(aq),Glutamine__dG_p120(aq),M_27e7a9cd4374,0.0,101325.0,0.0012625000090338,1.0,0.02,0.042,0.0916666666666666,2.1,120.0,GLU_NH3DG_000163,0.0077362788498732,-2.111467884739605,0.00857142857142856,-2.066946789630614,True,significant,ok,nan,1.2024592865669808e-15,False
glutamine,nh3_deltaG_landscape,Glutamine(aq),Glutamine__dG_p160(aq),M_30acba030d1e,0.0,101325.0,0.0011495420039864,1.0,0.02,0.042,0.0916666666666666,2.1,160.0,GLU_NH3DG_000164,0.0077362788498732,-2.111467884739605,0.00857142857142856,-2.066946789630614,True,significant,ok,nan,1.2024592865669808e-15,False
glutamine,nh3_deltaG_landscape,Glutamine(aq),Glutamine__dG_p200(aq),M_977180e1d50a,0.0,101325.0,0.0011231249955017,1.0,0.02,0.042,0.0916666666666666,2.1,200.0,GLU_NH3DG_000165,0.0077362788498732,-2.111467884739605,0.008571428571428561,-2.0669467896306135,True,significant,ok,nan,1.0020494054724838e-15,False
glutamine,nh3_deltaG_landscape,Glutamine(aq),Glutamine__dG_m200(aq),M_061e3fb063a8,0.0,101325.0,0.0011500000109663,1.0,0.02,0.042,0.0974999999999999,2.1,-200.0,GLU_NH3DG_000166,0.0076957609183608,-2.1137484328425753,0.008571428571428568,-2.0669467896306135,True,significant,ok,nan,1.1961615349004444e-15,False
glutamine,nh3_deltaG_landscape,Glutamine(aq),Glutamine__dG_m160(aq),M_98733f58ccbb,0.0,101325.0,0.0012430829956429,1.0,0.02,0.042,0.0974999999999999,2.1,-160.0,GLU_NH3DG_000167,0.0076957609183608,-2.1137484328425753,0.008571428571428568,-2.0669467896306135,True,significant,ok,nan,1.1961615349004444e-15,False
glutamine,nh3_deltaG_landscape,Glutamine(aq),Glutamine__dG_m120(aq),M_6f36f328f32c,0.0,101325.0,0.0012323749979259,1.0,0.02,0.042,0.0974999999999999,2.1,-120.0,GLU_NH3DG_000168,0.0076957609183608,-2.1137484328425753,0.008571428571428568,-2.0669467896306135,True,significant,ok,nan,1.1961615349004444e-15,False
glutamine,nh3_deltaG_landscape,Glutamine(aq),Glutamine__dG_m080(aq),M_6a660bb9f9b0,0.0,101325.0,0.001672291997238,1.0,0.02,0.042,0.0974999999999999,2.1,-80.0,GLU_NH3DG_000169,0.0076957609183608,-2.1137484328425753,0.008571428571428568,-2.0669467896306135,True,significant,ok,nan,1.1961615349004444e-15,False
glutamine,nh3_deltaG_landscape,Glutamine(aq),Glutamine__dG_m040(aq),M_50f76385d12b,0.0,101325.0,0.0012393340002745,1.0,0.02,0.042,0.0974999999999999,2.1,-40.0,GLU_NH3DG_000170,0.0076957609183608,-2.1137484328425753,0.008571428571428568,-2.0669467896306135,True,significant,ok,nan,1.1961615349004444e-15,False
glutamine,nh3_deltaG_landscape,Glutamine(aq),Glutamine__dG_000(aq),M_b1e28abd2857,0.0,101325.0,0.0011005419946741,1.0,0.02,0.042,0.0974999999999999,2.1,0.0,GLU_NH3DG_000171,0.0076957609183608,-2.1137484328425753,0.008571428571428568,-2.0669467896306135,True,significant,ok,nan,1.1961615349004444e-15,False
glutamine,nh3_deltaG_landscape,Glutamine(aq),Glutamine__dG_p040(aq),M_073611c47c32,0.0,101325.0,0.0010968330025207,1.0,0.02,0.042,0.0974999999999999,2.1,40.0,GLU_NH3DG_000172,0.0076957609183608,-2.1137484328425753,0.008571428571428568,-2.0669467896306135,True,significant,ok,nan,1.1961615349004444e-15,False
glutamine,nh3_deltaG_landscape,Glutamine(aq),Glutamine__dG_p080(aq),M_89f0f253da4b,0.0,101325.0,0.0014305419899756,1.0,0.02,0.042,0.0974999999999999,2.1,80.0,GLU_NH3DG_000173,0.0076957609183608,-2.1137484328425753,0.008571428571428568,-2.0669467896306135,True,significant,ok,nan,1.1961615349004444e-15,False
glutamine,nh3_deltaG_landscape,Glutamine(aq),Glutamine__dG_p120(aq),M_27e7a9cd4374,0.0,101325.0,0.0011754590086638,1.0,0.02,0.042,0.0974999999999999,2.1,120.0,GLU_NH3DG_000174,0.0076957609183608,-2.1137484328425753,0.008571428571428568,-2.0669467896306135,True,significant,ok,nan,1.1961615349004444e-15,False
glutamine,nh3_deltaG_landscape,Glutamine(aq),Glutamine__dG_p160(aq),M_30acba030d1e,0.0,101325.0,0.0011535419907886,1.0,0.02,0.042,0.0974999999999999,2.1,160.0,GLU_NH3DG_000175,0.0076957609183608,-2.1137484328425753,0.008571428571428568,-2.0669467896306135,True,significant,ok,nan,1.1961615349004444e-15,False
glutamine,nh3_deltaG_landscape,Glutamine(aq),Glutamine__dG_p200(aq),M_977180e1d50a,0.0,101325.0,0.0011439579975558,1.0,0.02,0.042,0.0974999999999999,2.1,200.0,GLU_NH3DG_000176,0.0076957609183607,-2.113748432842581,0.008571428571428464,-2.066946789630619,True,significant,ok,nan,5.582087162868736e-15,False
glutamine,nh3_deltaG_landscape,Glutamine(aq),Glutamine__dG_m200(aq),M_061e3fb063a8,0.0,101325.0,0.0014256249996833,1.0,0.02,0.042,0.1033333333333333,2.1,-200.0,GLU_NH3DG_000177,0.0076556651922422,-2.1160170679612533,0.008571428571428513,-2.066946789630616,True,significant,ok,nan,3.569788221404464e-15,False
glutamine,nh3_deltaG_landscape,Glutamine(aq),Glutamine__dG_m160(aq),M_98733f58ccbb,0.0,101325.0,0.0011066660081269,1.0,0.02,0.042,0.1033333333333333,2.1,-160.0,GLU_NH3DG_000178,0.0076556651922422,-2.1160170679612533,0.008571428571428513,-2.066946789630616,True,significant,ok,nan,3.569788221404464e-15,False
glutamine,nh3_deltaG_landscape,Glutamine(aq),Glutamine__dG_m120(aq),M_6f36f328f32c,0.0,101325.0,0.001123041001847,1.0,0.02,0.042,0.1033333333333333,2.1,-120.0,GLU_NH3DG_000179,0.0076556651922422,-2.1160170679612533,0.008571428571428513,-2.066946789630616,True,significant,ok,nan,3.569788221404464e-15,False
glutamine,nh3_deltaG_landscape,Glutamine(aq),Glutamine__dG_m080(aq),M_6a660bb9f9b0,0.0,101325.0,0.0011223339970456,1.0,0.02,0.042,0.1033333333333333,2.1,-80.0,GLU_NH3DG_000180,0.0076556651922422,-2.1160170679612533,0.008571428571428513,-2.066946789630616,True,significant,ok,nan,3.569788221404464e-15,False
glutamine,nh3_deltaG_landscape,Glutamine(aq),Glutamine__dG_m040(aq),M_50f76385d12b,0.0,101325.0,0.0014706669899169,1.0,0.02,0.042,0.1033333333333333,2.1,-40.0,GLU_NH3DG_000181,0.0076556651922422,-2.1160170679612533,0.008571428571428513,-2.066946789630616,True,significant,ok,nan,3.569788221404464e-15,False
glutamine,nh3_deltaG_landscape,Glutamine(aq),Glutamine__dG_000(aq),M_b1e28abd2857,0.0,101325.0,0.001153625009465,1.0,0.02,0.042,0.1033333333333333,2.1,0.0,GLU_NH3DG_000182,0.0076556651922422,-2.1160170679612533,0.008571428571428513,-2.066946789630616,True,significant,ok,nan,3.569788221404464e-15,False
glutamine,nh3_deltaG_landscape,Glutamine(aq),Glutamine__dG_p040(aq),M_073611c47c32,0.0,101325.0,0.0011707079975167,1.0,0.02,0.042,0.1033333333333333,2.1,40.0,GLU_NH3DG_000183,0.0076556651922422,-2.1160170679612533,0.008571428571428513,-2.066946789630616,True,significant,ok,nan,3.569788221404464e-15,False
glutamine,nh3_deltaG_landscape,Glutamine(aq),Glutamine__dG_p080(aq),M_89f0f253da4b,0.0,101325.0,0.001176541991299,1.0,0.02,0.042,0.1033333333333333,2.1,80.0,GLU_NH3DG_000184,0.0076556651922422,-2.1160170679612533,0.008571428571428513,-2.066946789630616,True,significant,ok,nan,3.569788221404464e-15,False
glutamine,nh3_deltaG_landscape,Glutamine(aq),Glutamine__dG_p120(aq),M_27e7a9cd4374,0.0,101325.0,0.0033828750019893,1.0,0.02,0.042,0.1033333333333333,2.1,120.0,GLU_NH3DG_000185,0.0076556651922422,-2.1160170679612533,0.008571428571428513,-2.066946789630616,True,significant,ok,nan,3.569788221404464e-15,False
glutamine,nh3_deltaG_landscape,Glutamine(aq),Glutamine__dG_p160(aq),M_30acba030d1e,0.0,101325.0,0.0011428750003688,1.0,0.02,0.042,0.1033333333333333,2.1,160.0,GLU_NH3DG_000186,0.0076556651922422,-2.1160170679612533,0.008571428571428513,-2.066946789630616,True,significant,ok,nan,3.569788221404464e-15,False
glutamine,nh3_deltaG_landscape,Glutamine(aq),Glutamine__dG_p200(aq),M_977180e1d50a,0.0,101325.0,0.0012031250080326,1.0,0.02,0.042,0.1033333333333333,2.1,200.0,GLU_NH3DG_000187,0.0076556651922422,-2.1160170679612533,0.008571428571428518,-2.0669467896306157,True,significant,ok,nan,3.173145085692855e-15,False
glutamine,nh3_deltaG_landscape,Glutamine(aq),Glutamine__dG_m200(aq),M_061e3fb063a8,0.0,101325.0,0.0011391669977456,1.0,0.02,0.042,0.1091666666666666,2.1,-200.0,GLU_NH3DG_000188,0.007615985106518,-2.1182739139097393,0.008571428571428558,-2.066946789630614,True,significant,ok,nan,2.7621110600164667e-15,False
glutamine,nh3_deltaG_landscape,Glutamine(aq),Glutamine__dG_m160(aq),M_98733f58ccbb,0.0,101325.0,0.0013902080099796,1.0,0.02,0.042,0.1091666666666666,2.1,-160.0,GLU_NH3DG_000189,0.007615985106518,-2.1182739139097393,0.008571428571428558,-2.066946789630614,True,significant,ok,nan,2.7621110600164667e-15,False
glutamine,nh3_deltaG_landscape,Glutamine(aq),Glutamine__dG_m120(aq),M_6f36f328f32c,0.0,101325.0,0.0011041669931728,1.0,0.02,0.042,0.1091666666666666,2.1,-120.0,GLU_NH3DG_000190,0.007615985106518,-2.1182739139097393,0.008571428571428558,-2.066946789630614,True,significant,ok,nan,2.7621110600164667e-15,False
glutamine,nh3_deltaG_landscape,Glutamine(aq),Glutamine__dG_m080(aq),M_6a660bb9f9b0,0.0,101325.0,0.0011046659928979,1.0,0.02,0.042,0.1091666666666666,2.1,-80.0,GLU_NH3DG_000191,0.007615985106518,-2.1182739139097393,0.008571428571428558,-2.066946789630614,True,significant,ok,nan,2.7621110600164667e-15,False
glutamine,nh3_deltaG_landscape,Glutamine(aq),Glutamine__dG_m040(aq),M_50f76385d12b,0.0,101325.0,0.0011546669993549,1.0,0.02,0.042,0.1091666666666666,2.1,-40.0,GLU_NH3DG_000192,0.007615985106518,-2.1182739139097393,0.008571428571428558,-2.066946789630614,True,significant,ok,nan,2.7621110600164667e-15,False
glutamine,nh3_deltaG_landscape,Glutamine(aq),Glutamine__dG_000(aq),M_b1e28abd2857,0.0,101325.0,0.0013863339991075,1.0,0.02,0.042,0.1091666666666666,2.1,0.0,GLU_NH3DG_000193,0.007615985106518,-2.1182739139097393,0.008571428571428558,-2.066946789630614,True,significant,ok,nan,2.7621110600164667e-15,False
glutamine,nh3_deltaG_landscape,Glutamine(aq),Glutamine__dG_p040(aq),M_073611c47c32,0.0,101325.0,0.001151624994236,1.0,0.02,0.042,0.1091666666666666,2.1,40.0,GLU_NH3DG_000194,0.007615985106518,-2.1182739139097393,0.008571428571428558,-2.066946789630614,True,significant,ok,nan,2.7621110600164667e-15,False
glutamine,nh3_deltaG_landscape,Glutamine(aq),Glutamine__dG_p080(aq),M_89f0f253da4b,0.0,101325.0,0.0011769159900723,1.0,0.02,0.042,0.1091666666666666,2.1,80.0,GLU_NH3DG_000195,0.007615985106518,-2.1182739139097393,0.008571428571428558,-2.066946789630614,True,significant,ok,nan,2.7621110600164667e-15,False
glutamine,nh3_deltaG_landscape,Glutamine(aq),Glutamine__dG_p120(aq),M_27e7a9cd4374,0.0,101325.0,0.001126542003476,1.0,0.02,0.042,0.1091666666666666,2.1,120.0,GLU_NH3DG_000196,0.007615985106518,-2.1182739139097393,0.008571428571428558,-2.066946789630614,True,significant,ok,nan,2.7621110600164667e-15,False
glutamine,nh3_deltaG_landscape,Glutamine(aq),Glutamine__dG_p160(aq),M_30acba030d1e,0.0,101325.0,0.0011834999895654,1.0,0.02,0.042,0.1091666666666666,2.1,160.0,GLU_NH3DG_000197,0.007615985106518,-2.1182739139097393,0.008571428571428558,-2.066946789630614,True,significant,ok,nan,2.7621110600164667e-15,False
glutamine,nh3_deltaG_landscape,Glutamine(aq),Glutamine__dG_p200(aq),M_977180e1d50a,0.0,101325.0,0.0011660830059554,1.0,0.02,0.042,0.1091666666666666,2.1,200.0,GLU_NH3DG_000198,0.007615985106518,-2.1182739139097393,0.008571428571428558,-2.066946789630614,True,significant,ok,nan,3.945872942880667e-16,False
glutamine,nh3_deltaG_landscape,Glutamine(aq),Glutamine__dG_m200(aq),M_061e3fb063a8,0.0,101325.0,0.0011418750073062,1.0,0.02,0.042,0.1149999999999999,2.1,-200.0,GLU_NH3DG_000199,0.0075767142315949,-2.120519092581886,0.008571428571428574,-2.066946789630613,True,significant,ok,nan,1.766486944093569e-15,False
glutamine,nh3_deltaG_landscape,Glutamine(aq),Glutamine__dG_m160(aq),M_98733f58ccbb,0.0,101325.0,0.0011715000000549,1.0,0.02,0.042,0.1149999999999999,2.1,-160.0,GLU_NH3DG_000200,0.0075767142315949,-2.120519092581886,0.008571428571428574,-2.066946789630613,True,significant,ok,nan,1.766486944093569e-15,False
glutamine,nh3_deltaG_landscape,Glutamine(aq),Glutamine__dG_m120(aq),M_6f36f328f32c,0.0,101325.0,0.0011172090016771,1.0,0.02,0.042,0.1149999999999999,2.1,-120.0,GLU_NH3DG_000201,0.0075767142315949,-2.120519092581886,0.008571428571428574,-2.066946789630613,True,significant,ok,nan,1.766486944093569e-15,False
glutamine,nh3_deltaG_landscape,Glutamine(aq),Glutamine__dG_m080(aq),M_6a660bb9f9b0,0.0,101325.0,0.0011650829983409,1.0,0.02,0.042,0.1149999999999999,2.1,-80.0,GLU_NH3DG_000202,0.0075767142315949,-2.120519092581886,0.008571428571428574,-2.066946789630613,True,significant,ok,nan,1.766486944093569e-15,False
glutamine,nh3_deltaG_landscape,Glutamine(aq),Glutamine__dG_m040(aq),M_50f76385d12b,0.0,101325.0,0.0011402079981053,1.0,0.02,0.042,0.1149999999999999,2.1,-40.0,GLU_NH3DG_000203,0.0075767142315949,-2.120519092581886,0.008571428571428574,-2.066946789630613,True,significant,ok,nan,1.766486944093569e-15,False
glutamine,nh3_deltaG_landscape,Glutamine(aq),Glutamine__dG_000(aq),M_b1e28abd2857,0.0,101325.0,0.0010999589867424,1.0,0.02,0.042,0.1149999999999999,2.1,0.0,GLU_NH3DG_000204,0.0075767142315949,-2.120519092581886,0.008571428571428574,-2.066946789630613,True,significant,ok,nan,1.766486944093569e-15,False
glutamine,nh3_deltaG_landscape,Glutamine(aq),Glutamine__dG_p040(aq),M_073611c47c32,0.0,101325.0,0.0010924999951384,1.0,0.02,0.042,0.1149999999999999,2.1,40.0,GLU_NH3DG_000205,0.0075767142315949,-2.120519092581886,0.008571428571428574,-2.066946789630613,True,significant,ok,nan,1.766486944093569e-15,False
glutamine,nh3_deltaG_landscape,Glutamine(aq),Glutamine__dG_p080(aq),M_89f0f253da4b,0.0,101325.0,0.0012090410018572,1.0,0.02,0.042,0.1149999999999999,2.1,80.0,GLU_NH3DG_000206,0.0075767142315949,-2.120519092581886,0.008571428571428574,-2.066946789630613,True,significant,ok,nan,1.766486944093569e-15,False
glutamine,nh3_deltaG_landscape,Glutamine(aq),Glutamine__dG_p120(aq),M_27e7a9cd4374,0.0,101325.0,0.0011525410081958,1.0,0.02,0.042,0.1149999999999999,2.1,120.0,GLU_NH3DG_000207,0.0075767142315949,-2.120519092581886,0.008571428571428574,-2.066946789630613,True,significant,ok,nan,1.766486944093569e-15,False
glutamine,nh3_deltaG_landscape,Glutamine(aq),Glutamine__dG_p160(aq),M_30acba030d1e,0.0,101325.0,0.0011353750014677,1.0,0.02,0.042,0.1149999999999999,2.1,160.0,GLU_NH3DG_000208,0.0075767142315949,-2.120519092581886,0.008571428571428574,-2.066946789630613,True,significant,ok,nan,1.766486944093569e-15,False
glutamine,nh3_deltaG_landscape,Glutamine(aq),Glutamine__dG_p200(aq),M_977180e1d50a,0.0,101325.0,0.0011256660072831,1.0,0.02,0.042,0.1149999999999999,2.1,200.0,GLU_NH3DG_000209,0.0075767142315948,-2.1205190925818918,0.008571428571428468,-2.0669467896306184,True,significant,ok,nan,6.4771187950097464e-15,False
glutamine,nh3_deltaG_landscape,Glutamine(aq),Glutamine__dG_m200(aq),M_061e3fb063a8,0.0,101325.0,0.0011469169985502,1.0,0.02,0.042,0.1208333333333333,2.1,-200.0,GLU_NH3DG_000210,0.007537846269813,-2.1227527239907813,0.008571428571428553,-2.066946789630614,True,significant,ok,nan,2.7337722250448785e-15,False
glutamine,nh3_deltaG_landscape,Glutamine(aq),Glutamine__dG_m160(aq),M_98733f58ccbb,0.0,101325.0,0.0011835420009447,1.0,0.02,0.042,0.1208333333333333,2.1,-160.0,GLU_NH3DG_000211,0.007537846269813,-2.1227527239907813,0.008571428571428553,-2.066946789630614,True,significant,ok,nan,2.7337722250448785e-15,False
glutamine,nh3_deltaG_landscape,Glutamine(aq),Glutamine__dG_m120(aq),M_6f36f328f32c,0.0,101325.0,0.0011799169878941,1.0,0.02,0.042,0.1208333333333333,2.1,-120.0,GLU_NH3DG_000212,0.007537846269813,-2.1227527239907813,0.008571428571428553,-2.066946789630614,True,significant,ok,nan,2.7337722250448785e-15,False
glutamine,nh3_deltaG_landscape,Glutamine(aq),Glutamine__dG_m080(aq),M_6a660bb9f9b0,0.0,101325.0,0.0011151670041726,1.0,0.02,0.042,0.1208333333333333,2.1,-80.0,GLU_NH3DG_000213,0.007537846269813,-2.1227527239907813,0.008571428571428553,-2.066946789630614,True,significant,ok,nan,2.7337722250448785e-15,False
glutamine,nh3_deltaG_landscape,Glutamine(aq),Glutamine__dG_m040(aq),M_50f76385d12b,0.0,101325.0,0.0011638339929049,1.0,0.02,0.042,0.1208333333333333,2.1,-40.0,GLU_NH3DG_000214,0.007537846269813,-2.1227527239907813,0.008571428571428553,-2.066946789630614,True,significant,ok,nan,2.7337722250448785e-15,False
glutamine,nh3_deltaG_landscape,Glutamine(aq),Glutamine__dG_000(aq),M_b1e28abd2857,0.0,101325.0,0.0011435829947004,1.0,0.02,0.042,0.1208333333333333,2.1,0.0,GLU_NH3DG_000215,0.007537846269813,-2.1227527239907813,0.008571428571428553,-2.066946789630614,True,significant,ok,nan,2.7337722250448785e-15,False
glutamine,nh3_deltaG_landscape,Glutamine(aq),Glutamine__dG_p040(aq),M_073611c47c32,0.0,101325.0,0.001193374991999,1.0,0.02,0.042,0.1208333333333333,2.1,40.0,GLU_NH3DG_000216,0.007537846269813,-2.1227527239907813,0.008571428571428553,-2.066946789630614,True,significant,ok,nan,2.7337722250448785e-15,False
glutamine,nh3_deltaG_landscape,Glutamine(aq),Glutamine__dG_p080(aq),M_89f0f253da4b,0.0,101325.0,0.0011520000116433,1.0,0.02,0.042,0.1208333333333333,2.1,80.0,GLU_NH3DG_000217,0.007537846269813,-2.1227527239907813,0.008571428571428553,-2.066946789630614,True,significant,ok,nan,2.7337722250448785e-15,False
glutamine,nh3_deltaG_landscape,Glutamine(aq),Glutamine__dG_p120(aq),M_27e7a9cd4374,0.0,101325.0,0.0012001669965684,1.0,0.02,0.042,0.1208333333333333,2.1,120.0,GLU_NH3DG_000218,0.007537846269813,-2.1227527239907813,0.008571428571428553,-2.066946789630614,True,significant,ok,nan,2.7337722250448785e-15,False
glutamine,nh3_deltaG_landscape,Glutamine(aq),Glutamine__dG_p160(aq),M_30acba030d1e,0.0,101325.0,0.0011750419944291,1.0,0.02,0.042,0.1208333333333333,2.1,160.0,GLU_NH3DG_000219,0.007537846269813,-2.1227527239907813,0.008571428571428553,-2.066946789630614,True,significant,ok,nan,2.7337722250448785e-15,False
glutamine,nh3_deltaG_landscape,Glutamine(aq),Glutamine__dG_p200(aq),M_977180e1d50a,0.0,101325.0,0.0010974580072797,1.0,0.02,0.042,0.1208333333333333,2.1,200.0,GLU_NH3DG_000220,0.007537846269813,-2.1227527239907813,0.008571428571428553,-2.066946789630614,True,significant,ok,nan,2.1479638911066906e-15,False
glutamine,nh3_deltaG_landscape,Glutamine(aq),Glutamine__dG_m200(aq),M_061e3fb063a8,0.0,101325.0,0.0011888339940924,1.0,0.02,0.042,0.1266666666666666,2.1,-200.0,GLU_NH3DG_000221,0.0074993750520789,-2.1249749263072473,0.008571428571428471,-2.0669467896306184,True,significant,ok,nan,5.828185197182302e-15,False
glutamine,nh3_deltaG_landscape,Glutamine(aq),Glutamine__dG_m160(aq),M_98733f58ccbb,0.0,101325.0,0.0011237079888815,1.0,0.02,0.042,0.1266666666666666,2.1,-160.0,GLU_NH3DG_000222,0.0074993750520789,-2.1249749263072473,0.008571428571428471,-2.0669467896306184,True,significant,ok,nan,5.828185197182302e-15,False
glutamine,nh3_deltaG_landscape,Glutamine(aq),Glutamine__dG_m120(aq),M_6f36f328f32c,0.0,101325.0,0.0010908749973168,1.0,0.02,0.042,0.1266666666666666,2.1,-120.0,GLU_NH3DG_000223,0.0074993750520789,-2.1249749263072473,0.008571428571428471,-2.0669467896306184,True,significant,ok,nan,5.828185197182302e-15,False
glutamine,nh3_deltaG_landscape,Glutamine(aq),Glutamine__dG_m080(aq),M_6a660bb9f9b0,0.0,101325.0,0.0012319579982431,1.0,0.02,0.042,0.1266666666666666,2.1,-80.0,GLU_NH3DG_000224,0.0074993750520789,-2.1249749263072473,0.008571428571428471,-2.0669467896306184,True,significant,ok,nan,5.828185197182302e-15,False
glutamine,nh3_deltaG_landscape,Glutamine(aq),Glutamine__dG_m040(aq),M_50f76385d12b,0.0,101325.0,0.0011090000043623,1.0,0.02,0.042,0.1266666666666666,2.1,-40.0,GLU_NH3DG_000225,0.0074993750520789,-2.1249749263072473,0.008571428571428471,-2.0669467896306184,True,significant,ok,nan,5.828185197182302e-15,False
glutamine,nh3_deltaG_landscape,Glutamine(aq),Glutamine__dG_000(aq),M_b1e28abd2857,0.0,101325.0,0.0010762500023702,1.0,0.02,0.042,0.1266666666666666,2.1,0.0,GLU_NH3DG_000226,0.0074993750520789,-2.1249749263072473,0.008571428571428471,-2.0669467896306184,True,significant,ok,nan,5.828185197182302e-15,False
glutamine,nh3_deltaG_landscape,Glutamine(aq),Glutamine__dG_p040(aq),M_073611c47c32,0.0,101325.0,0.0011147499899379,1.0,0.02,0.042,0.1266666666666666,2.1,40.0,GLU_NH3DG_000227,0.0074993750520789,-2.1249749263072473,0.008571428571428471,-2.0669467896306184,True,significant,ok,nan,5.828185197182302e-15,False
glutamine,nh3_deltaG_landscape,Glutamine(aq),Glutamine__dG_p080(aq),M_89f0f253da4b,0.0,101325.0,0.0010618749947752,1.0,0.02,0.042,0.1266666666666666,2.1,80.0,GLU_NH3DG_000228,0.0074993750520789,-2.1249749263072473,0.008571428571428471,-2.0669467896306184,True,significant,ok,nan,5.828185197182302e-15,False
glutamine,nh3_deltaG_landscape,Glutamine(aq),Glutamine__dG_p120(aq),M_27e7a9cd4374,0.0,101325.0,0.0010870419937418,1.0,0.02,0.042,0.1266666666666666,2.1,120.0,GLU_NH3DG_000229,0.0074993750520789,-2.1249749263072473,0.008571428571428471,-2.0669467896306184,True,significant,ok,nan,5.828185197182302e-15,False
glutamine,nh3_deltaG_landscape,Glutamine(aq),Glutamine__dG_p160(aq),M_30acba030d1e,0.0,101325.0,0.0010926660033874,1.0,0.02,0.042,0.1266666666666666,2.1,160.0,GLU_NH3DG_000230,0.0074993750520789,-2.1249749263072473,0.008571428571428471,-2.0669467896306184,True,significant,ok,nan,5.828185197182302e-15,False
glutamine,nh3_deltaG_landscape,Glutamine(aq),Glutamine__dG_p200(aq),M_977180e1d50a,0.0,101325.0,0.0011430420126998,1.0,0.02,0.042,0.1266666666666666,2.1,200.0,GLU_NH3DG_000231,0.0074993750520789,-2.1249749263072473,0.008571428571428471,-2.0669467896306184,True,significant,ok,nan,5.828185197182302e-15,False
glutamine,nh3_deltaG_landscape,Glutamine(aq),Glutamine__dG_m200(aq),M_061e3fb063a8,0.0,101325.0,0.001057249988662,1.0,0.02,0.042,0.1324999999999999,2.1,-200.0,GLU_NH3DG_000232,0.0074612945346017,-2.1271858158973473,0.008571428571428513,-2.066946789630616,True,significant,ok,nan,4.0590134830541056e-15,False
glutamine,nh3_deltaG_landscape,Glutamine(aq),Glutamine__dG_m160(aq),M_98733f58ccbb,0.0,101325.0,0.0010972910095006,1.0,0.02,0.042,0.1324999999999999,2.1,-160.0,GLU_NH3DG_000233,0.0074612945346017,-2.1271858158973473,0.008571428571428513,-2.066946789630616,True,significant,ok,nan,4.0590134830541056e-15,False
glutamine,nh3_deltaG_landscape,Glutamine(aq),Glutamine__dG_m120(aq),M_6f36f328f32c,0.0,101325.0,0.0010690830094972,1.0,0.02,0.042,0.1324999999999999,2.1,-120.0,GLU_NH3DG_000234,0.0074612945346017,-2.1271858158973473,0.008571428571428513,-2.066946789630616,True,significant,ok,nan,4.0590134830541056e-15,False
glutamine,nh3_deltaG_landscape,Glutamine(aq),Glutamine__dG_m080(aq),M_6a660bb9f9b0,0.0,101325.0,0.0010672499920474,1.0,0.02,0.042,0.1324999999999999,2.1,-80.0,GLU_NH3DG_000235,0.0074612945346017,-2.1271858158973473,0.008571428571428513,-2.066946789630616,True,significant,ok,nan,4.0590134830541056e-15,False
glutamine,nh3_deltaG_landscape,Glutamine(aq),Glutamine__dG_m040(aq),M_50f76385d12b,0.0,101325.0,0.0010739580029621,1.0,0.02,0.042,0.1324999999999999,2.1,-40.0,GLU_NH3DG_000236,0.0074612945346017,-2.1271858158973473,0.008571428571428513,-2.066946789630616,True,significant,ok,nan,4.0590134830541056e-15,False
glutamine,nh3_deltaG_landscape,Glutamine(aq),Glutamine__dG_000(aq),M_b1e28abd2857,0.0,101325.0,0.0010474169976077,1.0,0.02,0.042,0.1324999999999999,2.1,0.0,GLU_NH3DG_000237,0.0074612945346017,-2.1271858158973473,0.008571428571428513,-2.066946789630616,True,significant,ok,nan,4.0590134830541056e-15,False
glutamine,nh3_deltaG_landscape,Glutamine(aq),Glutamine__dG_p040(aq),M_073611c47c32,0.0,101325.0,0.001103583999793,1.0,0.02,0.042,0.1324999999999999,2.1,40.0,GLU_NH3DG_000238,0.0074612945346017,-2.1271858158973473,0.008571428571428513,-2.066946789630616,True,significant,ok,nan,4.0590134830541056e-15,False
glutamine,nh3_deltaG_landscape,Glutamine(aq),Glutamine__dG_p080(aq),M_89f0f253da4b,0.0,101325.0,0.0010723340092226,1.0,0.02,0.042,0.1324999999999999,2.1,80.0,GLU_NH3DG_000239,0.0074612945346017,-2.1271858158973473,0.008571428571428513,-2.066946789630616,True,significant,ok,nan,4.0590134830541056e-15,False
glutamine,nh3_deltaG_landscape,Glutamine(aq),Glutamine__dG_p120(aq),M_27e7a9cd4374,0.0,101325.0,0.0010783340112539,1.0,0.02,0.042,0.1324999999999999,2.1,120.0,GLU_NH3DG_000240,0.0074612945346017,-2.1271858158973473,0.008571428571428513,-2.066946789630616,True,significant,ok,nan,4.0590134830541056e-15,False
glutamine,nh3_deltaG_landscape,Glutamine(aq),Glutamine__dG_p160(aq),M_30acba030d1e,0.0,101325.0,0.0010951669974019,1.0,0.02,0.042,0.1324999999999999,2.1,160.0,GLU_NH3DG_000241,0.0074612945346017,-2.1271858158973473,0.008571428571428513,-2.066946789630616,True,significant,ok,nan,4.0590134830541056e-15,False
glutamine,nh3_deltaG_landscape,Glutamine(aq),Glutamine__dG_p200(aq),M_977180e1d50a,0.0,101325.0,0.0010514169989619,1.0,0.02,0.042,0.1324999999999999,2.1,200.0,GLU_NH3DG_000242,0.0074612945346017,-2.1271858158973473,0.008571428571428513,-2.066946789630616,True,significant,ok,nan,3.865727126718195e-15,False
glutamine,nh3_deltaG_landscape,Glutamine(aq),Glutamine__dG_m200(aq),M_061e3fb063a8,0.0,101325.0,0.0010910410055657,1.0,0.02,0.042,0.1383333333333333,2.1,-200.0,GLU_NH3DG_000243,0.0074235987957273,-2.129385507358973,0.008571428571428568,-2.0669467896306135,True,significant,ok,nan,2.5000279269407975e-15,False
glutamine,nh3_deltaG_landscape,Glutamine(aq),Glutamine__dG_m160(aq),M_98733f58ccbb,0.0,101325.0,0.0010742919985204,1.0,0.02,0.042,0.1383333333333333,2.1,-160.0,GLU_NH3DG_000244,0.0074235987957273,-2.129385507358973,0.008571428571428568,-2.0669467896306135,True,significant,ok,nan,2.5000279269407975e-15,False
glutamine,nh3_deltaG_landscape,Glutamine(aq),Glutamine__dG_m120(aq),M_6f36f328f32c,0.0,101325.0,0.0011493750062072,1.0,0.02,0.042,0.1383333333333333,2.1,-120.0,GLU_NH3DG_000245,0.0074235987957273,-2.129385507358973,0.008571428571428568,-2.0669467896306135,True,significant,ok,nan,2.5000279269407975e-15,False
glutamine,nh3_deltaG_landscape,Glutamine(aq),Glutamine__dG_m080(aq),M_6a660bb9f9b0,0.0,101325.0,0.001192916999571,1.0,0.02,0.042,0.1383333333333333,2.1,-80.0,GLU_NH3DG_000246,0.0074235987957273,-2.129385507358973,0.008571428571428568,-2.0669467896306135,True,significant,ok,nan,2.5000279269407975e-15,False
glutamine,nh3_deltaG_landscape,Glutamine(aq),Glutamine__dG_m040(aq),M_50f76385d12b,0.0,101325.0,0.001200416998472,1.0,0.02,0.042,0.1383333333333333,2.1,-40.0,GLU_NH3DG_000247,0.0074235987957273,-2.129385507358973,0.008571428571428568,-2.0669467896306135,True,significant,ok,nan,2.5000279269407975e-15,False
glutamine,nh3_deltaG_landscape,Glutamine(aq),Glutamine__dG_000(aq),M_b1e28abd2857,0.0,101325.0,0.0011296250013401,1.0,0.02,0.042,0.1383333333333333,2.1,0.0,GLU_NH3DG_000248,0.0074235987957273,-2.129385507358973,0.008571428571428568,-2.0669467896306135,True,significant,ok,nan,2.5000279269407975e-15,False
glutamine,nh3_deltaG_landscape,Glutamine(aq),Glutamine__dG_p040(aq),M_073611c47c32,0.0,101325.0,0.0011095419904449,1.0,0.02,0.042,0.1383333333333333,2.1,40.0,GLU_NH3DG_000249,0.0074235987957273,-2.129385507358973,0.008571428571428568,-2.0669467896306135,True,significant,ok,nan,2.5000279269407975e-15,False
glutamine,nh3_deltaG_landscape,Glutamine(aq),Glutamine__dG_p080(aq),M_89f0f253da4b,0.0,101325.0,0.0011088329920312,1.0,0.02,0.042,0.1383333333333333,2.1,80.0,GLU_NH3DG_000250,0.0074235987957273,-2.129385507358973,0.008571428571428568,-2.0669467896306135,True,significant,ok,nan,2.5000279269407975e-15,False
glutamine,nh3_deltaG_landscape,Glutamine(aq),Glutamine__dG_p120(aq),M_27e7a9cd4374,0.0,101325.0,0.0011737919994629,1.0,0.02,0.042,0.1383333333333333,2.1,120.0,GLU_NH3DG_000251,0.0074235987957273,-2.129385507358973,0.008571428571428568,-2.0669467896306135,True,significant,ok,nan,2.5000279269407975e-15,False
glutamine,nh3_deltaG_landscape,Glutamine(aq),Glutamine__dG_p160(aq),M_30acba030d1e,0.0,101325.0,0.0011533329961821,1.0,0.02,0.042,0.1383333333333333,2.1,160.0,GLU_NH3DG_000252,0.0074235987957273,-2.129385507358973,0.008571428571428568,-2.0669467896306135,True,significant,ok,nan,2.5000279269407975e-15,False
glutamine,nh3_deltaG_landscape,Glutamine(aq),Glutamine__dG_p200(aq),M_977180e1d50a,0.0,101325.0,0.0011458329972811,1.0,0.02,0.042,0.1383333333333333,2.1,200.0,GLU_NH3DG_000253,0.0074235987957272,-2.129385507358979,0.008571428571428459,-2.066946789630619,True,significant,ok,nan,5.192365694415499e-15,False
glutamine,nh3_deltaG_landscape,Glutamine(aq),Glutamine__dG_m200(aq),M_061e3fb063a8,0.0,101325.0,0.001326625002548,1.0,0.02,0.042,0.1441666666666666,2.1,-200.0,GLU_NH3DG_000254,0.0073862820328689,-2.131574113557474,0.008571428571428513,-2.066946789630616,True,significant,ok,nan,3.2528334171089323e-15,False
glutamine,nh3_deltaG_landscape,Glutamine(aq),Glutamine__dG_m160(aq),M_98733f58ccbb,0.0,101325.0,0.0011249580129515,1.0,0.02,0.042,0.1441666666666666,2.1,-160.0,GLU_NH3DG_000255,0.0073862820328689,-2.131574113557474,0.008571428571428513,-2.066946789630616,True,significant,ok,nan,3.2528334171089323e-15,False
glutamine,nh3_deltaG_landscape,Glutamine(aq),Glutamine__dG_m120(aq),M_6f36f328f32c,0.0,101325.0,0.0011163749877596,1.0,0.02,0.042,0.1441666666666666,2.1,-120.0,GLU_NH3DG_000256,0.0073862820328689,-2.131574113557474,0.008571428571428513,-2.066946789630616,True,significant,ok,nan,3.2528334171089323e-15,False
glutamine,nh3_deltaG_landscape,Glutamine(aq),Glutamine__dG_m080(aq),M_6a660bb9f9b0,0.0,101325.0,0.0010842500050785,1.0,0.02,0.042,0.1441666666666666,2.1,-80.0,GLU_NH3DG_000257,0.0073862820328689,-2.131574113557474,0.008571428571428513,-2.066946789630616,True,significant,ok,nan,3.2528334171089323e-15,False
glutamine,nh3_deltaG_landscape,Glutamine(aq),Glutamine__dG_m040(aq),M_50f76385d12b,0.0,101325.0,0.0010861659975489,1.0,0.02,0.042,0.1441666666666666,2.1,-40.0,GLU_NH3DG_000258,0.0073862820328689,-2.131574113557474,0.008571428571428513,-2.066946789630616,True,significant,ok,nan,3.2528334171089323e-15,False
glutamine,nh3_deltaG_landscape,Glutamine(aq),Glutamine__dG_000(aq),M_b1e28abd2857,0.0,101325.0,0.0011133749940199,1.0,0.02,0.042,0.1441666666666666,2.1,0.0,GLU_NH3DG_000259,0.0073862820328689,-2.131574113557474,0.008571428571428513,-2.066946789630616,True,significant,ok,nan,3.2528334171089323e-15,False
glutamine,nh3_deltaG_landscape,Glutamine(aq),Glutamine__dG_p040(aq),M_073611c47c32,0.0,101325.0,0.0011350000131642,1.0,0.02,0.042,0.1441666666666666,2.1,40.0,GLU_NH3DG_000260,0.0073862820328689,-2.131574113557474,0.008571428571428513,-2.066946789630616,True,significant,ok,nan,3.2528334171089323e-15,False
glutamine,nh3_deltaG_landscape,Glutamine(aq),Glutamine__dG_p080(aq),M_89f0f253da4b,0.0,101325.0,0.001050041988492,1.0,0.02,0.042,0.1441666666666666,2.1,80.0,GLU_NH3DG_000261,0.0073862820328689,-2.131574113557474,0.008571428571428513,-2.066946789630616,True,significant,ok,nan,3.2528334171089323e-15,False
glutamine,nh3_deltaG_landscape,Glutamine(aq),Glutamine__dG_p120(aq),M_27e7a9cd4374,0.0,101325.0,0.0010926249960903,1.0,0.02,0.042,0.1441666666666666,2.1,120.0,GLU_NH3DG_000262,0.0073862820328689,-2.131574113557474,0.008571428571428513,-2.066946789630616,True,significant,ok,nan,3.2528334171089323e-15,False
glutamine,nh3_deltaG_landscape,Glutamine(aq),Glutamine__dG_p160(aq),M_30acba030d1e,0.0,101325.0,0.0010827499936567,1.0,0.02,0.042,0.1441666666666666,2.1,160.0,GLU_NH3DG_000263,0.0073862820328689,-2.131574113557474,0.008571428571428513,-2.066946789630616,True,significant,ok,nan,3.2528334171089323e-15,False
glutamine,nh3_deltaG_landscape,Glutamine(aq),Glutamine__dG_p200(aq),M_977180e1d50a,0.0,101325.0,0.0010348749929107,1.0,0.02,0.042,0.1441666666666666,2.1,200.0,GLU_NH3DG_000264,0.0073862820328689,-2.131574113557474,0.008571428571428511,-2.066946789630616,True,significant,ok,nan,2.8701471327431763e-15,False
glutamine,nh3_deltaG_landscape,Glutamine(aq),Glutamine__dG_m200(aq),M_061e3fb063a8,0.0,101325.0,0.0011127080069854,1.0,0.02,0.042,0.15,2.1,-200.0,GLU_NH3DG_000265,0.0073493385595296,-2.133751745660392,0.008571428571428528,-2.0669467896306153,True,significant,ok,nan,4.378880621378003e-15,False
glutamine,nh3_deltaG_landscape,Glutamine(aq),Glutamine__dG_m160(aq),M_98733f58ccbb,0.0,101325.0,0.0011203329922864,1.0,0.02,0.042,0.15,2.1,-160.0,GLU_NH3DG_000266,0.0073493385595296,-2.133751745660392,0.008571428571428528,-2.0669467896306153,True,significant,ok,nan,4.378880621378003e-15,False
glutamine,nh3_deltaG_landscape,Glutamine(aq),Glutamine__dG_m120(aq),M_6f36f328f32c,0.0,101325.0,0.0011436250060796,1.0,0.02,0.042,0.15,2.1,-120.0,GLU_NH3DG_000267,0.0073493385595296,-2.133751745660392,0.008571428571428528,-2.0669467896306153,True,significant,ok,nan,4.378880621378003e-15,False
glutamine,nh3_deltaG_landscape,Glutamine(aq),Glutamine__dG_m080(aq),M_6a660bb9f9b0,0.0,101325.0,0.0011770830024033,1.0,0.02,0.042,0.15,2.1,-80.0,GLU_NH3DG_000268,0.0073493385595296,-2.133751745660392,0.008571428571428528,-2.0669467896306153,True,significant,ok,nan,4.378880621378003e-15,False
glutamine,nh3_deltaG_landscape,Glutamine(aq),Glutamine__dG_m040(aq),M_50f76385d12b,0.0,101325.0,0.0012104170018574,1.0,0.02,0.042,0.15,2.1,-40.0,GLU_NH3DG_000269,0.0073493385595296,-2.133751745660392,0.008571428571428528,-2.0669467896306153,True,significant,ok,nan,4.378880621378003e-15,False
glutamine,nh3_deltaG_landscape,Glutamine(aq),Glutamine__dG_000(aq),M_b1e28abd2857,0.0,101325.0,0.0011989999911747,1.0,0.02,0.042,0.15,2.1,0.0,GLU_NH3DG_000270,0.0073493385595296,-2.133751745660392,0.008571428571428528,-2.0669467896306153,True,significant,ok,nan,4.378880621378003e-15,False
glutamine,nh3_deltaG_landscape,Glutamine(aq),Glutamine__dG_p040(aq),M_073611c47c32,0.0,101325.0,0.0013014159922022,1.0,0.02,0.042,0.15,2.1,40.0,GLU_NH3DG_000271,0.0073493385595296,-2.133751745660392,0.008571428571428528,-2.0669467896306153,True,significant,ok,nan,4.378880621378003e-15,False
glutamine,nh3_deltaG_landscape,Glutamine(aq),Glutamine__dG_p080(aq),M_89f0f253da4b,0.0,101325.0,0.0010904169903369,1.0,0.02,0.042,0.15,2.1,80.0,GLU_NH3DG_000272,0.0073493385595296,-2.133751745660392,0.008571428571428528,-2.0669467896306153,True,significant,ok,nan,4.378880621378003e-15,False
glutamine,nh3_deltaG_landscape,Glutamine(aq),Glutamine__dG_p120(aq),M_27e7a9cd4374,0.0,101325.0,0.0011192919919267,1.0,0.02,0.042,0.15,2.1,120.0,GLU_NH3DG_000273,0.0073493385595296,-2.133751745660392,0.008571428571428528,-2.0669467896306153,True,significant,ok,nan,4.378880621378003e-15,False
glutamine,nh3_deltaG_landscape,Glutamine(aq),Glutamine__dG_p160(aq),M_30acba030d1e,0.0,101325.0,0.0010752920061349,1.0,0.02,0.042,0.15,2.1,160.0,GLU_NH3DG_000274,0.0073493385595296,-2.133751745660392,0.008571428571428528,-2.0669467896306153,True,significant,ok,nan,4.378880621378003e-15,False
glutamine,nh3_deltaG_landscape,Glutamine(aq),Glutamine__dG_p200(aq),M_977180e1d50a,0.0,101325.0,0.0010537080088397,1.0,0.02,0.042,0.15,2.1,200.0,GLU_NH3DG_000275,0.0073493385595296,-2.133751745660392,0.008571428571428527,-2.0669467896306153,True,significant,ok,nan,1.903861139729567e-15,False
